{
 "cells": [
  {
   "cell_type": "code",
   "execution_count": 1,
   "metadata": {},
   "outputs": [],
   "source": [
    "import numpy as np\n",
    "import pandas as pd "
   ]
  },
  {
   "cell_type": "code",
   "execution_count": 2,
   "metadata": {},
   "outputs": [],
   "source": [
    "df_train = pd.DataFrame(pd.read_excel(\"bike_train.xlsx\"))\n",
    "df_test = pd.DataFrame(pd.read_excel(\"bike_test.xlsx\"))"
   ]
  },
  {
   "cell_type": "code",
   "execution_count": 3,
   "metadata": {},
   "outputs": [
    {
     "data": {
      "text/plain": [
       "count    11999.000000\n",
       "mean       158.594966\n",
       "std        151.392952\n",
       "min          1.000000\n",
       "25%         34.000000\n",
       "50%        118.000000\n",
       "75%        232.000000\n",
       "max        957.000000\n",
       "Name: cnt, dtype: float64"
      ]
     },
     "execution_count": 3,
     "metadata": {},
     "output_type": "execute_result"
    }
   ],
   "source": [
    "df_train['cnt'].describe()"
   ]
  },
  {
   "cell_type": "code",
   "execution_count": 4,
   "metadata": {},
   "outputs": [
    {
     "data": {
      "text/html": [
       "<div>\n",
       "<style scoped>\n",
       "    .dataframe tbody tr th:only-of-type {\n",
       "        vertical-align: middle;\n",
       "    }\n",
       "\n",
       "    .dataframe tbody tr th {\n",
       "        vertical-align: top;\n",
       "    }\n",
       "\n",
       "    .dataframe thead th {\n",
       "        text-align: right;\n",
       "    }\n",
       "</style>\n",
       "<table border=\"1\" class=\"dataframe\">\n",
       "  <thead>\n",
       "    <tr style=\"text-align: right;\">\n",
       "      <th></th>\n",
       "      <th>instant</th>\n",
       "      <th>season</th>\n",
       "      <th>yr</th>\n",
       "      <th>mnth</th>\n",
       "      <th>hr</th>\n",
       "      <th>holiday</th>\n",
       "      <th>weekday</th>\n",
       "      <th>workingday</th>\n",
       "      <th>weathersit</th>\n",
       "      <th>temp</th>\n",
       "      <th>atemp</th>\n",
       "      <th>hum</th>\n",
       "      <th>windspeed</th>\n",
       "      <th>casual</th>\n",
       "      <th>registered</th>\n",
       "      <th>cnt</th>\n",
       "    </tr>\n",
       "  </thead>\n",
       "  <tbody>\n",
       "    <tr>\n",
       "      <th>instant</th>\n",
       "      <td>1.000000</td>\n",
       "      <td>0.118039</td>\n",
       "      <td>0.777284</td>\n",
       "      <td>0.167195</td>\n",
       "      <td>-0.007446</td>\n",
       "      <td>0.008323</td>\n",
       "      <td>0.007103</td>\n",
       "      <td>0.005295</td>\n",
       "      <td>-0.015359</td>\n",
       "      <td>0.029297</td>\n",
       "      <td>0.042490</td>\n",
       "      <td>-0.013275</td>\n",
       "      <td>-0.029001</td>\n",
       "      <td>0.115768</td>\n",
       "      <td>0.238546</td>\n",
       "      <td>0.229814</td>\n",
       "    </tr>\n",
       "    <tr>\n",
       "      <th>season</th>\n",
       "      <td>0.118039</td>\n",
       "      <td>1.000000</td>\n",
       "      <td>-0.446665</td>\n",
       "      <td>0.865268</td>\n",
       "      <td>-0.007610</td>\n",
       "      <td>-0.008928</td>\n",
       "      <td>-0.003688</td>\n",
       "      <td>0.012630</td>\n",
       "      <td>-0.009029</td>\n",
       "      <td>0.410790</td>\n",
       "      <td>0.413196</td>\n",
       "      <td>0.198937</td>\n",
       "      <td>-0.142924</td>\n",
       "      <td>0.119043</td>\n",
       "      <td>0.093595</td>\n",
       "      <td>0.111369</td>\n",
       "    </tr>\n",
       "    <tr>\n",
       "      <th>yr</th>\n",
       "      <td>0.777284</td>\n",
       "      <td>-0.446665</td>\n",
       "      <td>1.000000</td>\n",
       "      <td>-0.488103</td>\n",
       "      <td>-0.003948</td>\n",
       "      <td>0.001039</td>\n",
       "      <td>-0.002714</td>\n",
       "      <td>0.001068</td>\n",
       "      <td>-0.006309</td>\n",
       "      <td>-0.198929</td>\n",
       "      <td>-0.190360</td>\n",
       "      <td>-0.141319</td>\n",
       "      <td>0.067356</td>\n",
       "      <td>0.053371</td>\n",
       "      <td>0.171910</td>\n",
       "      <td>0.156960</td>\n",
       "    </tr>\n",
       "    <tr>\n",
       "      <th>mnth</th>\n",
       "      <td>0.167195</td>\n",
       "      <td>0.865268</td>\n",
       "      <td>-0.488103</td>\n",
       "      <td>1.000000</td>\n",
       "      <td>-0.007060</td>\n",
       "      <td>0.009372</td>\n",
       "      <td>0.014500</td>\n",
       "      <td>0.006441</td>\n",
       "      <td>-0.012239</td>\n",
       "      <td>0.353330</td>\n",
       "      <td>0.358541</td>\n",
       "      <td>0.201669</td>\n",
       "      <td>-0.147042</td>\n",
       "      <td>0.078563</td>\n",
       "      <td>0.061686</td>\n",
       "      <td>0.073431</td>\n",
       "    </tr>\n",
       "    <tr>\n",
       "      <th>hr</th>\n",
       "      <td>-0.007446</td>\n",
       "      <td>-0.007610</td>\n",
       "      <td>-0.003948</td>\n",
       "      <td>-0.007060</td>\n",
       "      <td>1.000000</td>\n",
       "      <td>0.000414</td>\n",
       "      <td>-0.004037</td>\n",
       "      <td>0.003454</td>\n",
       "      <td>-0.024003</td>\n",
       "      <td>0.139251</td>\n",
       "      <td>0.134633</td>\n",
       "      <td>-0.257202</td>\n",
       "      <td>0.130441</td>\n",
       "      <td>0.285182</td>\n",
       "      <td>0.381933</td>\n",
       "      <td>0.396698</td>\n",
       "    </tr>\n",
       "    <tr>\n",
       "      <th>holiday</th>\n",
       "      <td>0.008323</td>\n",
       "      <td>-0.008928</td>\n",
       "      <td>0.001039</td>\n",
       "      <td>0.009372</td>\n",
       "      <td>0.000414</td>\n",
       "      <td>1.000000</td>\n",
       "      <td>-0.102503</td>\n",
       "      <td>-0.248601</td>\n",
       "      <td>-0.014707</td>\n",
       "      <td>-0.028519</td>\n",
       "      <td>-0.038005</td>\n",
       "      <td>-0.036672</td>\n",
       "      <td>0.022681</td>\n",
       "      <td>0.022140</td>\n",
       "      <td>-0.044534</td>\n",
       "      <td>-0.030304</td>\n",
       "    </tr>\n",
       "    <tr>\n",
       "      <th>weekday</th>\n",
       "      <td>0.007103</td>\n",
       "      <td>-0.003688</td>\n",
       "      <td>-0.002714</td>\n",
       "      <td>0.014500</td>\n",
       "      <td>-0.004037</td>\n",
       "      <td>-0.102503</td>\n",
       "      <td>1.000000</td>\n",
       "      <td>0.031057</td>\n",
       "      <td>0.017259</td>\n",
       "      <td>-0.010002</td>\n",
       "      <td>-0.009841</td>\n",
       "      <td>-0.025932</td>\n",
       "      <td>0.008447</td>\n",
       "      <td>0.023687</td>\n",
       "      <td>0.019179</td>\n",
       "      <td>0.022618</td>\n",
       "    </tr>\n",
       "    <tr>\n",
       "      <th>workingday</th>\n",
       "      <td>0.005295</td>\n",
       "      <td>0.012630</td>\n",
       "      <td>0.001068</td>\n",
       "      <td>0.006441</td>\n",
       "      <td>0.003454</td>\n",
       "      <td>-0.248601</td>\n",
       "      <td>0.031057</td>\n",
       "      <td>1.000000</td>\n",
       "      <td>0.042202</td>\n",
       "      <td>0.062273</td>\n",
       "      <td>0.066305</td>\n",
       "      <td>0.022805</td>\n",
       "      <td>-0.002493</td>\n",
       "      <td>-0.298241</td>\n",
       "      <td>0.134789</td>\n",
       "      <td>0.025132</td>\n",
       "    </tr>\n",
       "    <tr>\n",
       "      <th>weathersit</th>\n",
       "      <td>-0.015359</td>\n",
       "      <td>-0.009029</td>\n",
       "      <td>-0.006309</td>\n",
       "      <td>-0.012239</td>\n",
       "      <td>-0.024003</td>\n",
       "      <td>-0.014707</td>\n",
       "      <td>0.017259</td>\n",
       "      <td>0.042202</td>\n",
       "      <td>1.000000</td>\n",
       "      <td>-0.080149</td>\n",
       "      <td>-0.081386</td>\n",
       "      <td>0.430378</td>\n",
       "      <td>0.009195</td>\n",
       "      <td>-0.147903</td>\n",
       "      <td>-0.130223</td>\n",
       "      <td>-0.149848</td>\n",
       "    </tr>\n",
       "    <tr>\n",
       "      <th>temp</th>\n",
       "      <td>0.029297</td>\n",
       "      <td>0.410790</td>\n",
       "      <td>-0.198929</td>\n",
       "      <td>0.353330</td>\n",
       "      <td>0.139251</td>\n",
       "      <td>-0.028519</td>\n",
       "      <td>-0.010002</td>\n",
       "      <td>0.062273</td>\n",
       "      <td>-0.080149</td>\n",
       "      <td>1.000000</td>\n",
       "      <td>0.991785</td>\n",
       "      <td>-0.019289</td>\n",
       "      <td>-0.013984</td>\n",
       "      <td>0.450777</td>\n",
       "      <td>0.322875</td>\n",
       "      <td>0.395743</td>\n",
       "    </tr>\n",
       "    <tr>\n",
       "      <th>atemp</th>\n",
       "      <td>0.042490</td>\n",
       "      <td>0.413196</td>\n",
       "      <td>-0.190360</td>\n",
       "      <td>0.358541</td>\n",
       "      <td>0.134633</td>\n",
       "      <td>-0.038005</td>\n",
       "      <td>-0.009841</td>\n",
       "      <td>0.066305</td>\n",
       "      <td>-0.081386</td>\n",
       "      <td>0.991785</td>\n",
       "      <td>1.000000</td>\n",
       "      <td>-0.003669</td>\n",
       "      <td>-0.057619</td>\n",
       "      <td>0.447899</td>\n",
       "      <td>0.323264</td>\n",
       "      <td>0.395234</td>\n",
       "    </tr>\n",
       "    <tr>\n",
       "      <th>hum</th>\n",
       "      <td>-0.013275</td>\n",
       "      <td>0.198937</td>\n",
       "      <td>-0.141319</td>\n",
       "      <td>0.201669</td>\n",
       "      <td>-0.257202</td>\n",
       "      <td>-0.036672</td>\n",
       "      <td>-0.025932</td>\n",
       "      <td>0.022805</td>\n",
       "      <td>0.430378</td>\n",
       "      <td>-0.019289</td>\n",
       "      <td>-0.003669</td>\n",
       "      <td>1.000000</td>\n",
       "      <td>-0.295765</td>\n",
       "      <td>-0.298354</td>\n",
       "      <td>-0.264382</td>\n",
       "      <td>-0.303672</td>\n",
       "    </tr>\n",
       "    <tr>\n",
       "      <th>windspeed</th>\n",
       "      <td>-0.029001</td>\n",
       "      <td>-0.142924</td>\n",
       "      <td>0.067356</td>\n",
       "      <td>-0.147042</td>\n",
       "      <td>0.130441</td>\n",
       "      <td>0.022681</td>\n",
       "      <td>0.008447</td>\n",
       "      <td>-0.002493</td>\n",
       "      <td>0.009195</td>\n",
       "      <td>-0.013984</td>\n",
       "      <td>-0.057619</td>\n",
       "      <td>-0.295765</td>\n",
       "      <td>1.000000</td>\n",
       "      <td>0.067061</td>\n",
       "      <td>0.091642</td>\n",
       "      <td>0.094791</td>\n",
       "    </tr>\n",
       "    <tr>\n",
       "      <th>casual</th>\n",
       "      <td>0.115768</td>\n",
       "      <td>0.119043</td>\n",
       "      <td>0.053371</td>\n",
       "      <td>0.078563</td>\n",
       "      <td>0.285182</td>\n",
       "      <td>0.022140</td>\n",
       "      <td>0.023687</td>\n",
       "      <td>-0.298241</td>\n",
       "      <td>-0.147903</td>\n",
       "      <td>0.450777</td>\n",
       "      <td>0.447899</td>\n",
       "      <td>-0.298354</td>\n",
       "      <td>0.067061</td>\n",
       "      <td>1.000000</td>\n",
       "      <td>0.503185</td>\n",
       "      <td>0.702414</td>\n",
       "    </tr>\n",
       "    <tr>\n",
       "      <th>registered</th>\n",
       "      <td>0.238546</td>\n",
       "      <td>0.093595</td>\n",
       "      <td>0.171910</td>\n",
       "      <td>0.061686</td>\n",
       "      <td>0.381933</td>\n",
       "      <td>-0.044534</td>\n",
       "      <td>0.019179</td>\n",
       "      <td>0.134789</td>\n",
       "      <td>-0.130223</td>\n",
       "      <td>0.322875</td>\n",
       "      <td>0.323264</td>\n",
       "      <td>-0.264382</td>\n",
       "      <td>0.091642</td>\n",
       "      <td>0.503185</td>\n",
       "      <td>1.000000</td>\n",
       "      <td>0.968540</td>\n",
       "    </tr>\n",
       "    <tr>\n",
       "      <th>cnt</th>\n",
       "      <td>0.229814</td>\n",
       "      <td>0.111369</td>\n",
       "      <td>0.156960</td>\n",
       "      <td>0.073431</td>\n",
       "      <td>0.396698</td>\n",
       "      <td>-0.030304</td>\n",
       "      <td>0.022618</td>\n",
       "      <td>0.025132</td>\n",
       "      <td>-0.149848</td>\n",
       "      <td>0.395743</td>\n",
       "      <td>0.395234</td>\n",
       "      <td>-0.303672</td>\n",
       "      <td>0.094791</td>\n",
       "      <td>0.702414</td>\n",
       "      <td>0.968540</td>\n",
       "      <td>1.000000</td>\n",
       "    </tr>\n",
       "  </tbody>\n",
       "</table>\n",
       "</div>"
      ],
      "text/plain": [
       "             instant    season        yr      mnth        hr   holiday  \\\n",
       "instant     1.000000  0.118039  0.777284  0.167195 -0.007446  0.008323   \n",
       "season      0.118039  1.000000 -0.446665  0.865268 -0.007610 -0.008928   \n",
       "yr          0.777284 -0.446665  1.000000 -0.488103 -0.003948  0.001039   \n",
       "mnth        0.167195  0.865268 -0.488103  1.000000 -0.007060  0.009372   \n",
       "hr         -0.007446 -0.007610 -0.003948 -0.007060  1.000000  0.000414   \n",
       "holiday     0.008323 -0.008928  0.001039  0.009372  0.000414  1.000000   \n",
       "weekday     0.007103 -0.003688 -0.002714  0.014500 -0.004037 -0.102503   \n",
       "workingday  0.005295  0.012630  0.001068  0.006441  0.003454 -0.248601   \n",
       "weathersit -0.015359 -0.009029 -0.006309 -0.012239 -0.024003 -0.014707   \n",
       "temp        0.029297  0.410790 -0.198929  0.353330  0.139251 -0.028519   \n",
       "atemp       0.042490  0.413196 -0.190360  0.358541  0.134633 -0.038005   \n",
       "hum        -0.013275  0.198937 -0.141319  0.201669 -0.257202 -0.036672   \n",
       "windspeed  -0.029001 -0.142924  0.067356 -0.147042  0.130441  0.022681   \n",
       "casual      0.115768  0.119043  0.053371  0.078563  0.285182  0.022140   \n",
       "registered  0.238546  0.093595  0.171910  0.061686  0.381933 -0.044534   \n",
       "cnt         0.229814  0.111369  0.156960  0.073431  0.396698 -0.030304   \n",
       "\n",
       "             weekday  workingday  weathersit      temp     atemp       hum  \\\n",
       "instant     0.007103    0.005295   -0.015359  0.029297  0.042490 -0.013275   \n",
       "season     -0.003688    0.012630   -0.009029  0.410790  0.413196  0.198937   \n",
       "yr         -0.002714    0.001068   -0.006309 -0.198929 -0.190360 -0.141319   \n",
       "mnth        0.014500    0.006441   -0.012239  0.353330  0.358541  0.201669   \n",
       "hr         -0.004037    0.003454   -0.024003  0.139251  0.134633 -0.257202   \n",
       "holiday    -0.102503   -0.248601   -0.014707 -0.028519 -0.038005 -0.036672   \n",
       "weekday     1.000000    0.031057    0.017259 -0.010002 -0.009841 -0.025932   \n",
       "workingday  0.031057    1.000000    0.042202  0.062273  0.066305  0.022805   \n",
       "weathersit  0.017259    0.042202    1.000000 -0.080149 -0.081386  0.430378   \n",
       "temp       -0.010002    0.062273   -0.080149  1.000000  0.991785 -0.019289   \n",
       "atemp      -0.009841    0.066305   -0.081386  0.991785  1.000000 -0.003669   \n",
       "hum        -0.025932    0.022805    0.430378 -0.019289 -0.003669  1.000000   \n",
       "windspeed   0.008447   -0.002493    0.009195 -0.013984 -0.057619 -0.295765   \n",
       "casual      0.023687   -0.298241   -0.147903  0.450777  0.447899 -0.298354   \n",
       "registered  0.019179    0.134789   -0.130223  0.322875  0.323264 -0.264382   \n",
       "cnt         0.022618    0.025132   -0.149848  0.395743  0.395234 -0.303672   \n",
       "\n",
       "            windspeed    casual  registered       cnt  \n",
       "instant     -0.029001  0.115768    0.238546  0.229814  \n",
       "season      -0.142924  0.119043    0.093595  0.111369  \n",
       "yr           0.067356  0.053371    0.171910  0.156960  \n",
       "mnth        -0.147042  0.078563    0.061686  0.073431  \n",
       "hr           0.130441  0.285182    0.381933  0.396698  \n",
       "holiday      0.022681  0.022140   -0.044534 -0.030304  \n",
       "weekday      0.008447  0.023687    0.019179  0.022618  \n",
       "workingday  -0.002493 -0.298241    0.134789  0.025132  \n",
       "weathersit   0.009195 -0.147903   -0.130223 -0.149848  \n",
       "temp        -0.013984  0.450777    0.322875  0.395743  \n",
       "atemp       -0.057619  0.447899    0.323264  0.395234  \n",
       "hum         -0.295765 -0.298354   -0.264382 -0.303672  \n",
       "windspeed    1.000000  0.067061    0.091642  0.094791  \n",
       "casual       0.067061  1.000000    0.503185  0.702414  \n",
       "registered   0.091642  0.503185    1.000000  0.968540  \n",
       "cnt          0.094791  0.702414    0.968540  1.000000  "
      ]
     },
     "execution_count": 4,
     "metadata": {},
     "output_type": "execute_result"
    }
   ],
   "source": [
    "df_train.corr()"
   ]
  },
  {
   "cell_type": "markdown",
   "metadata": {},
   "source": [
    "Basicamente lo que hice en las anteriores lineas de codigo fue analizar los datos para ver con cuales trabajare"
   ]
  },
  {
   "cell_type": "code",
   "execution_count": 43,
   "metadata": {},
   "outputs": [],
   "source": [
    "X = df_train[['season','hr','temp','weekday','weathersit','hum','windspeed']]\n",
    "y = df_train['cnt']\n",
    "\n",
    "from sklearn.model_selection import train_test_split\n",
    "\n",
    "X_train, X_test, y_train, y_test = train_test_split(X, y, test_size=0.20, random_state=0)\n",
    "\n",
    "# from sklearn.preprocessing import MinMaxScaler\n",
    "\n",
    "# scaler = MinMaxScaler()\n",
    "# X_scaled_train = scaler.fit_transform(X_train)\n",
    "# X_scaled_test = scaler.fit_transform(X_test)\n",
    "\n",
    "# y_test = y_test.values.reshape(-1, 1)\n",
    "# y_train = y_train.values.reshape(-1, 1)\n",
    "# y_scaled_train = scaler.fit_transform(y_train)\n",
    "# y_scaled_test = scaler.fit_transform(y_test) \n",
    "# y = y.values.reshape(-1, 1)\n",
    "# y_scaled = scaler.fit_transform(y)"
   ]
  },
  {
   "cell_type": "code",
   "execution_count": 50,
   "metadata": {},
   "outputs": [
    {
     "name": "stdout",
     "output_type": "stream",
     "text": [
      "Model: \"sequential_7\"\n",
      "_________________________________________________________________\n",
      " Layer (type)                Output Shape              Param #   \n",
      "=================================================================\n",
      " dense_30 (Dense)            (None, 100)               800       \n",
      "                                                                 \n",
      " dense_31 (Dense)            (None, 50)                5050      \n",
      "                                                                 \n",
      " dense_32 (Dense)            (None, 25)                1275      \n",
      "                                                                 \n",
      " dense_33 (Dense)            (None, 1)                 26        \n",
      "                                                                 \n",
      "=================================================================\n",
      "Total params: 7,151\n",
      "Trainable params: 7,151\n",
      "Non-trainable params: 0\n",
      "_________________________________________________________________\n"
     ]
    }
   ],
   "source": [
    "import tensorflow as tf\n",
    "\n",
    "model = tf.keras.Sequential()\n",
    "model.add(tf.keras.layers.Dense(units=100 ,activation='tanh',input_shape=(7, )))\n",
    "model.add(tf.keras.layers.Dense(units=50 ,activation='tanh'))\n",
    "model.add(tf.keras.layers.Dense(units=25 ,activation='tanh'))\n",
    "model.add(tf.keras.layers.Dense(units=1 ,activation='relu'))\n",
    "\n",
    "model.summary()"
   ]
  },
  {
   "cell_type": "code",
   "execution_count": 51,
   "metadata": {},
   "outputs": [
    {
     "name": "stdout",
     "output_type": "stream",
     "text": [
      "Epoch 1/100\n",
      "192/192 [==============================] - 1s 2ms/step - loss: 45483.2773 - root_mean_squared_error: 213.2681\n",
      "Epoch 2/100\n",
      "192/192 [==============================] - 0s 2ms/step - loss: 43847.0625 - root_mean_squared_error: 209.3969\n",
      "Epoch 3/100\n",
      "192/192 [==============================] - 0s 2ms/step - loss: 42450.8086 - root_mean_squared_error: 206.0359\n",
      "Epoch 4/100\n",
      "192/192 [==============================] - 0s 2ms/step - loss: 41134.6719 - root_mean_squared_error: 202.8168\n",
      "Epoch 5/100\n",
      "192/192 [==============================] - 0s 2ms/step - loss: 39888.1992 - root_mean_squared_error: 199.7203\n",
      "Epoch 6/100\n",
      "192/192 [==============================] - 0s 2ms/step - loss: 38705.0273 - root_mean_squared_error: 196.7359\n",
      "Epoch 7/100\n",
      "192/192 [==============================] - 0s 2ms/step - loss: 37581.7656 - root_mean_squared_error: 193.8602\n",
      "Epoch 8/100\n",
      "192/192 [==============================] - 0s 2ms/step - loss: 36515.7109 - root_mean_squared_error: 191.0909\n",
      "Epoch 9/100\n",
      "192/192 [==============================] - 0s 2ms/step - loss: 35503.6367 - root_mean_squared_error: 188.4241\n",
      "Epoch 10/100\n",
      "192/192 [==============================] - 0s 2ms/step - loss: 34543.7031 - root_mean_squared_error: 185.8594\n",
      "Epoch 11/100\n",
      "192/192 [==============================] - 0s 2ms/step - loss: 33633.4883 - root_mean_squared_error: 183.3943\n",
      "Epoch 12/100\n",
      "192/192 [==============================] - 0s 2ms/step - loss: 32771.8203 - root_mean_squared_error: 181.0299\n",
      "Epoch 13/100\n",
      "192/192 [==============================] - 0s 2ms/step - loss: 31957.1816 - root_mean_squared_error: 178.7657\n",
      "Epoch 14/100\n",
      "192/192 [==============================] - 0s 2ms/step - loss: 31187.5586 - root_mean_squared_error: 176.6000\n",
      "Epoch 15/100\n",
      "192/192 [==============================] - 0s 2ms/step - loss: 30461.9629 - root_mean_squared_error: 174.5336\n",
      "Epoch 16/100\n",
      "192/192 [==============================] - 0s 2ms/step - loss: 29778.6582 - root_mean_squared_error: 172.5649\n",
      "Epoch 17/100\n",
      "192/192 [==============================] - 0s 2ms/step - loss: 28550.3477 - root_mean_squared_error: 168.9685\n",
      "Epoch 18/100\n",
      "192/192 [==============================] - 0s 2ms/step - loss: 27423.0273 - root_mean_squared_error: 165.5990\n",
      "Epoch 19/100\n",
      "192/192 [==============================] - 0s 2ms/step - loss: 26577.5293 - root_mean_squared_error: 163.0262\n",
      "Epoch 20/100\n",
      "192/192 [==============================] - 0s 2ms/step - loss: 25788.2539 - root_mean_squared_error: 160.5872\n",
      "Epoch 21/100\n",
      "192/192 [==============================] - 0s 2ms/step - loss: 25043.3750 - root_mean_squared_error: 158.2510\n",
      "Epoch 22/100\n",
      "192/192 [==============================] - 0s 2ms/step - loss: 24319.1484 - root_mean_squared_error: 155.9460\n",
      "Epoch 23/100\n",
      "192/192 [==============================] - 1s 3ms/step - loss: 23640.2441 - root_mean_squared_error: 153.7538\n",
      "Epoch 24/100\n",
      "192/192 [==============================] - 0s 2ms/step - loss: 23004.2559 - root_mean_squared_error: 151.6715\n",
      "Epoch 25/100\n",
      "192/192 [==============================] - 0s 2ms/step - loss: 22408.2246 - root_mean_squared_error: 149.6938\n",
      "Epoch 26/100\n",
      "192/192 [==============================] - 0s 2ms/step - loss: 21834.7637 - root_mean_squared_error: 147.7659\n",
      "Epoch 27/100\n",
      "192/192 [==============================] - 0s 2ms/step - loss: 21294.9160 - root_mean_squared_error: 145.9278\n",
      "Epoch 28/100\n",
      "192/192 [==============================] - 0s 2ms/step - loss: 20781.4375 - root_mean_squared_error: 144.1577\n",
      "Epoch 29/100\n",
      "192/192 [==============================] - 0s 2ms/step - loss: 20294.3164 - root_mean_squared_error: 142.4581\n",
      "Epoch 30/100\n",
      "192/192 [==============================] - 0s 2ms/step - loss: 19843.7188 - root_mean_squared_error: 140.8677\n",
      "Epoch 31/100\n",
      "192/192 [==============================] - 0s 2ms/step - loss: 19413.9414 - root_mean_squared_error: 139.3339\n",
      "Epoch 32/100\n",
      "192/192 [==============================] - 0s 2ms/step - loss: 19000.5742 - root_mean_squared_error: 137.8426\n",
      "Epoch 33/100\n",
      "192/192 [==============================] - 0s 2ms/step - loss: 18614.9297 - root_mean_squared_error: 136.4365\n",
      "Epoch 34/100\n",
      "192/192 [==============================] - 0s 2ms/step - loss: 18255.4570 - root_mean_squared_error: 135.1128\n",
      "Epoch 35/100\n",
      "192/192 [==============================] - 0s 2ms/step - loss: 17927.3867 - root_mean_squared_error: 133.8932\n",
      "Epoch 36/100\n",
      "192/192 [==============================] - 0s 2ms/step - loss: 17610.7188 - root_mean_squared_error: 132.7054\n",
      "Epoch 37/100\n",
      "192/192 [==============================] - 0s 2ms/step - loss: 17231.7910 - root_mean_squared_error: 131.2699\n",
      "Epoch 38/100\n",
      "192/192 [==============================] - 0s 2ms/step - loss: 16520.5059 - root_mean_squared_error: 128.5321\n",
      "Epoch 39/100\n",
      "192/192 [==============================] - 0s 2ms/step - loss: 16118.5977 - root_mean_squared_error: 126.9590\n",
      "Epoch 40/100\n",
      "192/192 [==============================] - 0s 2ms/step - loss: 15626.7861 - root_mean_squared_error: 125.0071\n",
      "Epoch 41/100\n",
      "192/192 [==============================] - 0s 2ms/step - loss: 15187.9336 - root_mean_squared_error: 123.2393\n",
      "Epoch 42/100\n",
      "192/192 [==============================] - 0s 2ms/step - loss: 14883.9189 - root_mean_squared_error: 121.9997\n",
      "Epoch 43/100\n",
      "192/192 [==============================] - 1s 3ms/step - loss: 14475.0947 - root_mean_squared_error: 120.3125\n",
      "Epoch 44/100\n",
      "192/192 [==============================] - 0s 2ms/step - loss: 14234.8945 - root_mean_squared_error: 119.3101\n",
      "Epoch 45/100\n",
      "192/192 [==============================] - 0s 2ms/step - loss: 13855.8887 - root_mean_squared_error: 117.7110\n",
      "Epoch 46/100\n",
      "192/192 [==============================] - 0s 2ms/step - loss: 13559.9746 - root_mean_squared_error: 116.4473\n",
      "Epoch 47/100\n",
      "192/192 [==============================] - 0s 2ms/step - loss: 13256.6455 - root_mean_squared_error: 115.1375\n",
      "Epoch 48/100\n",
      "192/192 [==============================] - 0s 2ms/step - loss: 12939.3887 - root_mean_squared_error: 113.7514\n",
      "Epoch 49/100\n",
      "192/192 [==============================] - 0s 2ms/step - loss: 12701.3916 - root_mean_squared_error: 112.7004\n",
      "Epoch 50/100\n",
      "192/192 [==============================] - 0s 2ms/step - loss: 12415.0459 - root_mean_squared_error: 111.4228\n",
      "Epoch 51/100\n",
      "192/192 [==============================] - 0s 2ms/step - loss: 12145.6953 - root_mean_squared_error: 110.2075\n",
      "Epoch 52/100\n",
      "192/192 [==============================] - 0s 2ms/step - loss: 11893.8848 - root_mean_squared_error: 109.0591\n",
      "Epoch 53/100\n",
      "192/192 [==============================] - 0s 2ms/step - loss: 11713.7998 - root_mean_squared_error: 108.2303\n",
      "Epoch 54/100\n",
      "192/192 [==============================] - 0s 2ms/step - loss: 11418.4131 - root_mean_squared_error: 106.8570\n",
      "Epoch 55/100\n",
      "192/192 [==============================] - 0s 2ms/step - loss: 11219.8389 - root_mean_squared_error: 105.9237\n",
      "Epoch 56/100\n",
      "192/192 [==============================] - 0s 2ms/step - loss: 11039.0654 - root_mean_squared_error: 105.0670\n",
      "Epoch 57/100\n",
      "192/192 [==============================] - 0s 2ms/step - loss: 10719.2012 - root_mean_squared_error: 103.5336\n",
      "Epoch 58/100\n",
      "192/192 [==============================] - 0s 2ms/step - loss: 10475.7764 - root_mean_squared_error: 102.3512\n",
      "Epoch 59/100\n",
      "192/192 [==============================] - 0s 2ms/step - loss: 10277.0215 - root_mean_squared_error: 101.3756\n",
      "Epoch 60/100\n",
      "192/192 [==============================] - 0s 2ms/step - loss: 9989.8975 - root_mean_squared_error: 99.9495\n",
      "Epoch 61/100\n",
      "192/192 [==============================] - 0s 2ms/step - loss: 9802.4600 - root_mean_squared_error: 99.0074\n",
      "Epoch 62/100\n",
      "192/192 [==============================] - 0s 2ms/step - loss: 9625.0713 - root_mean_squared_error: 98.1074\n",
      "Epoch 63/100\n",
      "192/192 [==============================] - 0s 2ms/step - loss: 9359.9814 - root_mean_squared_error: 96.7470\n",
      "Epoch 64/100\n",
      "192/192 [==============================] - 0s 2ms/step - loss: 9125.6436 - root_mean_squared_error: 95.5282\n",
      "Epoch 65/100\n",
      "192/192 [==============================] - 0s 2ms/step - loss: 8892.7920 - root_mean_squared_error: 94.3016\n",
      "Epoch 66/100\n",
      "192/192 [==============================] - 0s 2ms/step - loss: 8645.8955 - root_mean_squared_error: 92.9833\n",
      "Epoch 67/100\n",
      "192/192 [==============================] - 0s 2ms/step - loss: 8487.2285 - root_mean_squared_error: 92.1262\n",
      "Epoch 68/100\n",
      "192/192 [==============================] - 0s 2ms/step - loss: 8257.4053 - root_mean_squared_error: 90.8703\n",
      "Epoch 69/100\n",
      "192/192 [==============================] - 0s 2ms/step - loss: 8068.7378 - root_mean_squared_error: 89.8262\n",
      "Epoch 70/100\n",
      "192/192 [==============================] - 0s 2ms/step - loss: 7911.2607 - root_mean_squared_error: 88.9453\n",
      "Epoch 71/100\n",
      "192/192 [==============================] - 0s 2ms/step - loss: 7704.2935 - root_mean_squared_error: 87.7741\n",
      "Epoch 72/100\n",
      "192/192 [==============================] - 0s 2ms/step - loss: 7465.7817 - root_mean_squared_error: 86.4048\n",
      "Epoch 73/100\n",
      "192/192 [==============================] - 0s 2ms/step - loss: 7331.9697 - root_mean_squared_error: 85.6269\n",
      "Epoch 74/100\n",
      "192/192 [==============================] - 0s 2ms/step - loss: 7120.1353 - root_mean_squared_error: 84.3809\n",
      "Epoch 75/100\n",
      "192/192 [==============================] - 0s 2ms/step - loss: 7000.8726 - root_mean_squared_error: 83.6712\n",
      "Epoch 76/100\n",
      "192/192 [==============================] - 0s 2ms/step - loss: 6832.9971 - root_mean_squared_error: 82.6619\n",
      "Epoch 77/100\n",
      "192/192 [==============================] - 0s 1ms/step - loss: 6745.2490 - root_mean_squared_error: 82.1295\n",
      "Epoch 78/100\n",
      "192/192 [==============================] - 0s 1ms/step - loss: 6524.4365 - root_mean_squared_error: 80.7740\n",
      "Epoch 79/100\n",
      "192/192 [==============================] - 0s 1ms/step - loss: 6496.7646 - root_mean_squared_error: 80.6025\n",
      "Epoch 80/100\n",
      "192/192 [==============================] - 0s 2ms/step - loss: 6316.7246 - root_mean_squared_error: 79.4778\n",
      "Epoch 81/100\n",
      "192/192 [==============================] - 0s 1ms/step - loss: 6224.2700 - root_mean_squared_error: 78.8940\n",
      "Epoch 82/100\n",
      "192/192 [==============================] - 0s 1ms/step - loss: 6090.3882 - root_mean_squared_error: 78.0409\n",
      "Epoch 83/100\n",
      "192/192 [==============================] - 0s 2ms/step - loss: 5969.9717 - root_mean_squared_error: 77.2656\n",
      "Epoch 84/100\n",
      "192/192 [==============================] - 0s 2ms/step - loss: 5938.9761 - root_mean_squared_error: 77.0648\n",
      "Epoch 85/100\n",
      "192/192 [==============================] - 0s 2ms/step - loss: 5880.4028 - root_mean_squared_error: 76.6838\n",
      "Epoch 86/100\n",
      "192/192 [==============================] - 0s 2ms/step - loss: 5710.4814 - root_mean_squared_error: 75.5677\n",
      "Epoch 87/100\n",
      "192/192 [==============================] - 0s 2ms/step - loss: 5654.0200 - root_mean_squared_error: 75.1932\n",
      "Epoch 88/100\n",
      "192/192 [==============================] - 0s 2ms/step - loss: 5537.8696 - root_mean_squared_error: 74.4169\n",
      "Epoch 89/100\n",
      "192/192 [==============================] - 0s 2ms/step - loss: 5441.1943 - root_mean_squared_error: 73.7645\n",
      "Epoch 90/100\n",
      "192/192 [==============================] - 0s 2ms/step - loss: 5430.7124 - root_mean_squared_error: 73.6934\n",
      "Epoch 91/100\n",
      "192/192 [==============================] - 0s 2ms/step - loss: 5370.3110 - root_mean_squared_error: 73.2824\n",
      "Epoch 92/100\n",
      "192/192 [==============================] - 0s 2ms/step - loss: 5264.1069 - root_mean_squared_error: 72.5542\n",
      "Epoch 93/100\n",
      "192/192 [==============================] - 0s 2ms/step - loss: 5151.5464 - root_mean_squared_error: 71.7743\n",
      "Epoch 94/100\n",
      "192/192 [==============================] - 0s 2ms/step - loss: 5115.4854 - root_mean_squared_error: 71.5226\n",
      "Epoch 95/100\n",
      "192/192 [==============================] - 0s 2ms/step - loss: 5045.1592 - root_mean_squared_error: 71.0293\n",
      "Epoch 96/100\n",
      "192/192 [==============================] - 0s 2ms/step - loss: 5018.8101 - root_mean_squared_error: 70.8436\n",
      "Epoch 97/100\n",
      "192/192 [==============================] - 0s 2ms/step - loss: 4977.9268 - root_mean_squared_error: 70.5544\n",
      "Epoch 98/100\n",
      "192/192 [==============================] - 0s 2ms/step - loss: 4884.1523 - root_mean_squared_error: 69.8867\n",
      "Epoch 99/100\n",
      "192/192 [==============================] - 0s 2ms/step - loss: 4798.6626 - root_mean_squared_error: 69.2724\n",
      "Epoch 100/100\n",
      "192/192 [==============================] - 0s 2ms/step - loss: 4734.0684 - root_mean_squared_error: 68.8046\n"
     ]
    }
   ],
   "source": [
    "from sklearn.metrics import mean_squared_error\n",
    "metrics = tf.keras.metrics.RootMeanSquaredError()\n",
    "model.compile(optimizer = \"Adam\", loss = 'mean_squared_error', metrics = metrics)\n",
    "\n",
    "epoch_historial = model.fit(X_train ,y_train,epochs = 100,batch_size = 50, use_multiprocessing=True)\n",
    "\n",
    "#se entrena al modelo, el epochs es basicamente cuantas veces se entrenara el modelo"
   ]
  },
  {
   "cell_type": "code",
   "execution_count": 52,
   "metadata": {},
   "outputs": [
    {
     "data": {
      "text/plain": [
       "dict_keys(['loss', 'root_mean_squared_error'])"
      ]
     },
     "execution_count": 52,
     "metadata": {},
     "output_type": "execute_result"
    }
   ],
   "source": [
    "epoch_historial.history.keys()"
   ]
  },
  {
   "cell_type": "code",
   "execution_count": 53,
   "metadata": {},
   "outputs": [
    {
     "data": {
      "text/plain": [
       "<matplotlib.legend.Legend at 0x14f13c63e80>"
      ]
     },
     "execution_count": 53,
     "metadata": {},
     "output_type": "execute_result"
    },
    {
     "data": {
