{
 "cells": [
  {
   "cell_type": "code",
   "execution_count": 1,
   "metadata": {},
   "outputs": [],
   "source": [
    "import numpy as np\n",
    "import pandas as pd "
   ]
  },
  {
   "cell_type": "code",
   "execution_count": 2,
   "metadata": {},
   "outputs": [],
   "source": [
    "df_train = pd.DataFrame(pd.read_excel(\"bike_train.xlsx\"))\n",
    "df_test = pd.DataFrame(pd.read_excel(\"bike_test.xlsx\"))"
   ]
  },
  {
   "cell_type": "code",
   "execution_count": 3,
   "metadata": {},
   "outputs": [
    {
     "data": {
      "text/plain": [
       "count    11999.000000\n",
       "mean       158.594966\n",
       "std        151.392952\n",
       "min          1.000000\n",
       "25%         34.000000\n",
       "50%        118.000000\n",
       "75%        232.000000\n",
       "max        957.000000\n",
       "Name: cnt, dtype: float64"
      ]
     },
     "execution_count": 3,
     "metadata": {},
     "output_type": "execute_result"
    }
   ],
   "source": [
    "df_train['cnt'].describe()"
   ]
  },
  {
   "cell_type": "code",
   "execution_count": 4,
   "metadata": {},
   "outputs": [
    {
     "data": {
      "text/html": [
       "<div>\n",
       "<style scoped>\n",
       "    .dataframe tbody tr th:only-of-type {\n",
       "        vertical-align: middle;\n",
       "    }\n",
       "\n",
       "    .dataframe tbody tr th {\n",
       "        vertical-align: top;\n",
       "    }\n",
       "\n",
       "    .dataframe thead th {\n",
       "        text-align: right;\n",
       "    }\n",
       "</style>\n",
       "<table border=\"1\" class=\"dataframe\">\n",
       "  <thead>\n",
       "    <tr style=\"text-align: right;\">\n",
       "      <th></th>\n",
       "      <th>instant</th>\n",
       "      <th>season</th>\n",
       "      <th>yr</th>\n",
       "      <th>mnth</th>\n",
       "      <th>hr</th>\n",
       "      <th>holiday</th>\n",
       "      <th>weekday</th>\n",
       "      <th>workingday</th>\n",
       "      <th>weathersit</th>\n",
       "      <th>temp</th>\n",
       "      <th>atemp</th>\n",
       "      <th>hum</th>\n",
       "      <th>windspeed</th>\n",
       "      <th>casual</th>\n",
       "      <th>registered</th>\n",
       "      <th>cnt</th>\n",
       "    </tr>\n",
       "  </thead>\n",
       "  <tbody>\n",
       "    <tr>\n",
       "      <th>instant</th>\n",
       "      <td>1.000000</td>\n",
       "      <td>0.118039</td>\n",
       "      <td>0.777284</td>\n",
       "      <td>0.167195</td>\n",
       "      <td>-0.007446</td>\n",
       "      <td>0.008323</td>\n",
       "      <td>0.007103</td>\n",
       "      <td>0.005295</td>\n",
       "      <td>-0.015359</td>\n",
       "      <td>0.029297</td>\n",
       "      <td>0.042490</td>\n",
       "      <td>-0.013275</td>\n",
       "      <td>-0.029001</td>\n",
       "      <td>0.115768</td>\n",
       "      <td>0.238546</td>\n",
       "      <td>0.229814</td>\n",
       "    </tr>\n",
       "    <tr>\n",
       "      <th>season</th>\n",
       "      <td>0.118039</td>\n",
       "      <td>1.000000</td>\n",
       "      <td>-0.446665</td>\n",
       "      <td>0.865268</td>\n",
       "      <td>-0.007610</td>\n",
       "      <td>-0.008928</td>\n",
       "      <td>-0.003688</td>\n",
       "      <td>0.012630</td>\n",
       "      <td>-0.009029</td>\n",
       "      <td>0.410790</td>\n",
       "      <td>0.413196</td>\n",
       "      <td>0.198937</td>\n",
       "      <td>-0.142924</td>\n",
       "      <td>0.119043</td>\n",
       "      <td>0.093595</td>\n",
       "      <td>0.111369</td>\n",
       "    </tr>\n",
       "    <tr>\n",
       "      <th>yr</th>\n",
       "      <td>0.777284</td>\n",
       "      <td>-0.446665</td>\n",
       "      <td>1.000000</td>\n",
       "      <td>-0.488103</td>\n",
       "      <td>-0.003948</td>\n",
       "      <td>0.001039</td>\n",
       "      <td>-0.002714</td>\n",
       "      <td>0.001068</td>\n",
       "      <td>-0.006309</td>\n",
       "      <td>-0.198929</td>\n",
       "      <td>-0.190360</td>\n",
       "      <td>-0.141319</td>\n",
       "      <td>0.067356</td>\n",
       "      <td>0.053371</td>\n",
       "      <td>0.171910</td>\n",
       "      <td>0.156960</td>\n",
       "    </tr>\n",
       "    <tr>\n",
       "      <th>mnth</th>\n",
       "      <td>0.167195</td>\n",
       "      <td>0.865268</td>\n",
       "      <td>-0.488103</td>\n",
       "      <td>1.000000</td>\n",
       "      <td>-0.007060</td>\n",
       "      <td>0.009372</td>\n",
       "      <td>0.014500</td>\n",
       "      <td>0.006441</td>\n",
       "      <td>-0.012239</td>\n",
       "      <td>0.353330</td>\n",
       "      <td>0.358541</td>\n",
       "      <td>0.201669</td>\n",
       "      <td>-0.147042</td>\n",
       "      <td>0.078563</td>\n",
       "      <td>0.061686</td>\n",
       "      <td>0.073431</td>\n",
       "    </tr>\n",
       "    <tr>\n",
       "      <th>hr</th>\n",
       "      <td>-0.007446</td>\n",
       "      <td>-0.007610</td>\n",
       "      <td>-0.003948</td>\n",
       "      <td>-0.007060</td>\n",
       "      <td>1.000000</td>\n",
       "      <td>0.000414</td>\n",
       "      <td>-0.004037</td>\n",
       "      <td>0.003454</td>\n",
       "      <td>-0.024003</td>\n",
       "      <td>0.139251</td>\n",
       "      <td>0.134633</td>\n",
       "      <td>-0.257202</td>\n",
       "      <td>0.130441</td>\n",
       "      <td>0.285182</td>\n",
       "      <td>0.381933</td>\n",
       "      <td>0.396698</td>\n",
       "    </tr>\n",
       "    <tr>\n",
       "      <th>holiday</th>\n",
       "      <td>0.008323</td>\n",
       "      <td>-0.008928</td>\n",
       "      <td>0.001039</td>\n",
       "      <td>0.009372</td>\n",
       "      <td>0.000414</td>\n",
       "      <td>1.000000</td>\n",
       "      <td>-0.102503</td>\n",
       "      <td>-0.248601</td>\n",
       "      <td>-0.014707</td>\n",
       "      <td>-0.028519</td>\n",
       "      <td>-0.038005</td>\n",
       "      <td>-0.036672</td>\n",
       "      <td>0.022681</td>\n",
       "      <td>0.022140</td>\n",
       "      <td>-0.044534</td>\n",
       "      <td>-0.030304</td>\n",
       "    </tr>\n",
       "    <tr>\n",
       "      <th>weekday</th>\n",
       "      <td>0.007103</td>\n",
       "      <td>-0.003688</td>\n",
       "      <td>-0.002714</td>\n",
       "      <td>0.014500</td>\n",
       "      <td>-0.004037</td>\n",
       "      <td>-0.102503</td>\n",
       "      <td>1.000000</td>\n",
       "      <td>0.031057</td>\n",
       "      <td>0.017259</td>\n",
       "      <td>-0.010002</td>\n",
       "      <td>-0.009841</td>\n",
       "      <td>-0.025932</td>\n",
       "      <td>0.008447</td>\n",
       "      <td>0.023687</td>\n",
       "      <td>0.019179</td>\n",
       "      <td>0.022618</td>\n",
       "    </tr>\n",
       "    <tr>\n",
       "      <th>workingday</th>\n",
       "      <td>0.005295</td>\n",
       "      <td>0.012630</td>\n",
       "      <td>0.001068</td>\n",
       "      <td>0.006441</td>\n",
       "      <td>0.003454</td>\n",
       "      <td>-0.248601</td>\n",
       "      <td>0.031057</td>\n",
       "      <td>1.000000</td>\n",
       "      <td>0.042202</td>\n",
       "      <td>0.062273</td>\n",
       "      <td>0.066305</td>\n",
       "      <td>0.022805</td>\n",
       "      <td>-0.002493</td>\n",
       "      <td>-0.298241</td>\n",
       "      <td>0.134789</td>\n",
       "      <td>0.025132</td>\n",
       "    </tr>\n",
       "    <tr>\n",
       "      <th>weathersit</th>\n",
       "      <td>-0.015359</td>\n",
       "      <td>-0.009029</td>\n",
       "      <td>-0.006309</td>\n",
       "      <td>-0.012239</td>\n",
       "      <td>-0.024003</td>\n",
       "      <td>-0.014707</td>\n",
       "      <td>0.017259</td>\n",
       "      <td>0.042202</td>\n",
       "      <td>1.000000</td>\n",
       "      <td>-0.080149</td>\n",
       "      <td>-0.081386</td>\n",
       "      <td>0.430378</td>\n",
       "      <td>0.009195</td>\n",
       "      <td>-0.147903</td>\n",
       "      <td>-0.130223</td>\n",
       "      <td>-0.149848</td>\n",
       "    </tr>\n",
       "    <tr>\n",
       "      <th>temp</th>\n",
       "      <td>0.029297</td>\n",
       "      <td>0.410790</td>\n",
       "      <td>-0.198929</td>\n",
       "      <td>0.353330</td>\n",
       "      <td>0.139251</td>\n",
       "      <td>-0.028519</td>\n",
       "      <td>-0.010002</td>\n",
       "      <td>0.062273</td>\n",
       "      <td>-0.080149</td>\n",
       "      <td>1.000000</td>\n",
       "      <td>0.991785</td>\n",
       "      <td>-0.019289</td>\n",
       "      <td>-0.013984</td>\n",
       "      <td>0.450777</td>\n",
       "      <td>0.322875</td>\n",
       "      <td>0.395743</td>\n",
       "    </tr>\n",
       "    <tr>\n",
       "      <th>atemp</th>\n",
       "      <td>0.042490</td>\n",
       "      <td>0.413196</td>\n",
       "      <td>-0.190360</td>\n",
       "      <td>0.358541</td>\n",
       "      <td>0.134633</td>\n",
       "      <td>-0.038005</td>\n",
       "      <td>-0.009841</td>\n",
       "      <td>0.066305</td>\n",
       "      <td>-0.081386</td>\n",
       "      <td>0.991785</td>\n",
       "      <td>1.000000</td>\n",
       "      <td>-0.003669</td>\n",
       "      <td>-0.057619</td>\n",
       "      <td>0.447899</td>\n",
       "      <td>0.323264</td>\n",
       "      <td>0.395234</td>\n",
       "    </tr>\n",
       "    <tr>\n",
       "      <th>hum</th>\n",
       "      <td>-0.013275</td>\n",
       "      <td>0.198937</td>\n",
       "      <td>-0.141319</td>\n",
       "      <td>0.201669</td>\n",
       "      <td>-0.257202</td>\n",
       "      <td>-0.036672</td>\n",
       "      <td>-0.025932</td>\n",
       "      <td>0.022805</td>\n",
       "      <td>0.430378</td>\n",
       "      <td>-0.019289</td>\n",
       "      <td>-0.003669</td>\n",
       "      <td>1.000000</td>\n",
       "      <td>-0.295765</td>\n",
       "      <td>-0.298354</td>\n",
       "      <td>-0.264382</td>\n",
       "      <td>-0.303672</td>\n",
       "    </tr>\n",
       "    <tr>\n",
       "      <th>windspeed</th>\n",
       "      <td>-0.029001</td>\n",
       "      <td>-0.142924</td>\n",
       "      <td>0.067356</td>\n",
       "      <td>-0.147042</td>\n",
       "      <td>0.130441</td>\n",
       "      <td>0.022681</td>\n",
       "      <td>0.008447</td>\n",
       "      <td>-0.002493</td>\n",
       "      <td>0.009195</td>\n",
       "      <td>-0.013984</td>\n",
       "      <td>-0.057619</td>\n",
       "      <td>-0.295765</td>\n",
       "      <td>1.000000</td>\n",
       "      <td>0.067061</td>\n",
       "      <td>0.091642</td>\n",
       "      <td>0.094791</td>\n",
       "    </tr>\n",
       "    <tr>\n",
       "      <th>casual</th>\n",
       "      <td>0.115768</td>\n",
       "      <td>0.119043</td>\n",
       "      <td>0.053371</td>\n",
       "      <td>0.078563</td>\n",
       "      <td>0.285182</td>\n",
       "      <td>0.022140</td>\n",
       "      <td>0.023687</td>\n",
       "      <td>-0.298241</td>\n",
       "      <td>-0.147903</td>\n",
       "      <td>0.450777</td>\n",
       "      <td>0.447899</td>\n",
       "      <td>-0.298354</td>\n",
       "      <td>0.067061</td>\n",
       "      <td>1.000000</td>\n",
       "      <td>0.503185</td>\n",
       "      <td>0.702414</td>\n",
       "    </tr>\n",
       "    <tr>\n",
       "      <th>registered</th>\n",
       "      <td>0.238546</td>\n",
       "      <td>0.093595</td>\n",
       "      <td>0.171910</td>\n",
       "      <td>0.061686</td>\n",
       "      <td>0.381933</td>\n",
       "      <td>-0.044534</td>\n",
       "      <td>0.019179</td>\n",
       "      <td>0.134789</td>\n",
       "      <td>-0.130223</td>\n",
       "      <td>0.322875</td>\n",
       "      <td>0.323264</td>\n",
       "      <td>-0.264382</td>\n",
       "      <td>0.091642</td>\n",
       "      <td>0.503185</td>\n",
       "      <td>1.000000</td>\n",
       "      <td>0.968540</td>\n",
       "    </tr>\n",
       "    <tr>\n",
       "      <th>cnt</th>\n",
       "      <td>0.229814</td>\n",
       "      <td>0.111369</td>\n",
       "      <td>0.156960</td>\n",
       "      <td>0.073431</td>\n",
       "      <td>0.396698</td>\n",
       "      <td>-0.030304</td>\n",
       "      <td>0.022618</td>\n",
       "      <td>0.025132</td>\n",
       "      <td>-0.149848</td>\n",
       "      <td>0.395743</td>\n",
       "      <td>0.395234</td>\n",
       "      <td>-0.303672</td>\n",
       "      <td>0.094791</td>\n",
       "      <td>0.702414</td>\n",
       "      <td>0.968540</td>\n",
       "      <td>1.000000</td>\n",
       "    </tr>\n",
       "  </tbody>\n",
       "</table>\n",
       "</div>"
      ],
      "text/plain": [
       "             instant    season        yr      mnth        hr   holiday  \\\n",
       "instant     1.000000  0.118039  0.777284  0.167195 -0.007446  0.008323   \n",
       "season      0.118039  1.000000 -0.446665  0.865268 -0.007610 -0.008928   \n",
       "yr          0.777284 -0.446665  1.000000 -0.488103 -0.003948  0.001039   \n",
       "mnth        0.167195  0.865268 -0.488103  1.000000 -0.007060  0.009372   \n",
       "hr         -0.007446 -0.007610 -0.003948 -0.007060  1.000000  0.000414   \n",
       "holiday     0.008323 -0.008928  0.001039  0.009372  0.000414  1.000000   \n",
       "weekday     0.007103 -0.003688 -0.002714  0.014500 -0.004037 -0.102503   \n",
       "workingday  0.005295  0.012630  0.001068  0.006441  0.003454 -0.248601   \n",
       "weathersit -0.015359 -0.009029 -0.006309 -0.012239 -0.024003 -0.014707   \n",
       "temp        0.029297  0.410790 -0.198929  0.353330  0.139251 -0.028519   \n",
       "atemp       0.042490  0.413196 -0.190360  0.358541  0.134633 -0.038005   \n",
       "hum        -0.013275  0.198937 -0.141319  0.201669 -0.257202 -0.036672   \n",
       "windspeed  -0.029001 -0.142924  0.067356 -0.147042  0.130441  0.022681   \n",
       "casual      0.115768  0.119043  0.053371  0.078563  0.285182  0.022140   \n",
       "registered  0.238546  0.093595  0.171910  0.061686  0.381933 -0.044534   \n",
       "cnt         0.229814  0.111369  0.156960  0.073431  0.396698 -0.030304   \n",
       "\n",
       "             weekday  workingday  weathersit      temp     atemp       hum  \\\n",
       "instant     0.007103    0.005295   -0.015359  0.029297  0.042490 -0.013275   \n",
       "season     -0.003688    0.012630   -0.009029  0.410790  0.413196  0.198937   \n",
       "yr         -0.002714    0.001068   -0.006309 -0.198929 -0.190360 -0.141319   \n",
       "mnth        0.014500    0.006441   -0.012239  0.353330  0.358541  0.201669   \n",
       "hr         -0.004037    0.003454   -0.024003  0.139251  0.134633 -0.257202   \n",
       "holiday    -0.102503   -0.248601   -0.014707 -0.028519 -0.038005 -0.036672   \n",
       "weekday     1.000000    0.031057    0.017259 -0.010002 -0.009841 -0.025932   \n",
       "workingday  0.031057    1.000000    0.042202  0.062273  0.066305  0.022805   \n",
       "weathersit  0.017259    0.042202    1.000000 -0.080149 -0.081386  0.430378   \n",
       "temp       -0.010002    0.062273   -0.080149  1.000000  0.991785 -0.019289   \n",
       "atemp      -0.009841    0.066305   -0.081386  0.991785  1.000000 -0.003669   \n",
       "hum        -0.025932    0.022805    0.430378 -0.019289 -0.003669  1.000000   \n",
       "windspeed   0.008447   -0.002493    0.009195 -0.013984 -0.057619 -0.295765   \n",
       "casual      0.023687   -0.298241   -0.147903  0.450777  0.447899 -0.298354   \n",
       "registered  0.019179    0.134789   -0.130223  0.322875  0.323264 -0.264382   \n",
       "cnt         0.022618    0.025132   -0.149848  0.395743  0.395234 -0.303672   \n",
       "\n",
       "            windspeed    casual  registered       cnt  \n",
       "instant     -0.029001  0.115768    0.238546  0.229814  \n",
       "season      -0.142924  0.119043    0.093595  0.111369  \n",
       "yr           0.067356  0.053371    0.171910  0.156960  \n",
       "mnth        -0.147042  0.078563    0.061686  0.073431  \n",
       "hr           0.130441  0.285182    0.381933  0.396698  \n",
       "holiday      0.022681  0.022140   -0.044534 -0.030304  \n",
       "weekday      0.008447  0.023687    0.019179  0.022618  \n",
       "workingday  -0.002493 -0.298241    0.134789  0.025132  \n",
       "weathersit   0.009195 -0.147903   -0.130223 -0.149848  \n",
       "temp        -0.013984  0.450777    0.322875  0.395743  \n",
       "atemp       -0.057619  0.447899    0.323264  0.395234  \n",
       "hum         -0.295765 -0.298354   -0.264382 -0.303672  \n",
       "windspeed    1.000000  0.067061    0.091642  0.094791  \n",
       "casual       0.067061  1.000000    0.503185  0.702414  \n",
       "registered   0.091642  0.503185    1.000000  0.968540  \n",
       "cnt          0.094791  0.702414    0.968540  1.000000  "
      ]
     },
     "execution_count": 4,
     "metadata": {},
     "output_type": "execute_result"
    }
   ],
   "source": [
    "df_train.corr()"
   ]
  },
  {
   "cell_type": "markdown",
   "metadata": {},
   "source": [
    "Basicamente lo que hice en las anteriores lineas de codigo fue analizar los datos para ver con cuales trabajare"
   ]
  },
  {
   "cell_type": "code",
   "execution_count": 8,
   "metadata": {},
   "outputs": [],
   "source": [
    "X = df_train[['season','hr','temp','weekday','weathersit','hum','windspeed']]\n",
    "y = df_train['cnt']\n",
    "\n",
    "from sklearn.model_selection import train_test_split\n",
    "\n",
    "X_train, X_test, y_train, y_test = train_test_split(X, y, test_size=0.20, random_state=0)\n",
    "\n",
    "# from sklearn.preprocessing import MinMaxScaler\n",
    "\n",
    "# scaler = MinMaxScaler()\n",
    "# X_scaled_train = scaler.fit_transform(X_train)\n",
    "# X_scaled_test = scaler.fit_transform(X_test)\n",
    "\n",
    "# y_test = y_test.values.reshape(-1, 1)\n",
    "# y_train = y_train.values.reshape(-1, 1)\n",
    "# y_scaled_train = scaler.fit_transform(y_train)\n",
    "# y_scaled_test = scaler.fit_transform(y_test) \n",
    "# y = y.values.reshape(-1, 1)\n",
    "# y_scaled = scaler.fit_transform(y)"
   ]
  },
  {
   "cell_type": "code",
   "execution_count": 20,
   "metadata": {},
   "outputs": [
    {
     "name": "stdout",
     "output_type": "stream",
     "text": [
      "Model: \"sequential_2\"\n",
      "_________________________________________________________________\n",
      " Layer (type)                Output Shape              Param #   \n",
      "=================================================================\n",
      " dense_10 (Dense)            (None, 100)               800       \n",
      "                                                                 \n",
      " dense_11 (Dense)            (None, 100)               10100     \n",
      "                                                                 \n",
      " dense_12 (Dense)            (None, 100)               10100     \n",
      "                                                                 \n",
      " dense_13 (Dense)            (None, 1)                 101       \n",
      "                                                                 \n",
      "=================================================================\n",
      "Total params: 21,101\n",
      "Trainable params: 21,101\n",
      "Non-trainable params: 0\n",
      "_________________________________________________________________\n"
     ]
    }
   ],
   "source": [
    "import tensorflow as tf\n",
    "\n",
    "model = tf.keras.Sequential()\n",
    "model.add(tf.keras.layers.Dense(units=100 ,activation='tanh',input_shape=(7, )))\n",
    "model.add(tf.keras.layers.Dense(units=100 ,activation='tanh'))\n",
    "model.add(tf.keras.layers.Dense(units=100 ,activation='tanh'))\n",
    "model.add(tf.keras.layers.Dense(units=1 ,activation='relu'))\n",
    "\n",
    "model.summary()"
   ]
  },
  {
   "cell_type": "code",
   "execution_count": 21,
   "metadata": {},
   "outputs": [
    {
     "name": "stdout",
     "output_type": "stream",
     "text": [
      "Epoch 1/200\n",
      "120/120 [==============================] - 1s 2ms/step - loss: 43063.6016 - root_mean_squared_error: 207.5177\n",
      "Epoch 2/200\n",
      "120/120 [==============================] - 0s 2ms/step - loss: 39389.9375 - root_mean_squared_error: 198.4690\n",
      "Epoch 3/200\n",
      "120/120 [==============================] - 0s 2ms/step - loss: 36580.0234 - root_mean_squared_error: 191.2590\n",
      "Epoch 4/200\n",
      "120/120 [==============================] - 0s 2ms/step - loss: 34170.6797 - root_mean_squared_error: 184.8531\n",
      "Epoch 5/200\n",
      "120/120 [==============================] - 0s 2ms/step - loss: 32043.0254 - root_mean_squared_error: 179.0057\n",
      "Epoch 6/200\n",
      "120/120 [==============================] - 0s 2ms/step - loss: 29690.1270 - root_mean_squared_error: 172.3082\n",
      "Epoch 7/200\n",
      "120/120 [==============================] - 0s 2ms/step - loss: 27639.7441 - root_mean_squared_error: 166.2520\n",
      "Epoch 8/200\n",
      "120/120 [==============================] - 0s 2ms/step - loss: 25851.6641 - root_mean_squared_error: 160.7845\n",
      "Epoch 9/200\n",
      "120/120 [==============================] - 0s 2ms/step - loss: 24253.9980 - root_mean_squared_error: 155.7370\n",
      "Epoch 10/200\n",
      "120/120 [==============================] - 0s 2ms/step - loss: 22853.7773 - root_mean_squared_error: 151.1747\n",
      "Epoch 11/200\n",
      "120/120 [==============================] - 0s 2ms/step - loss: 21615.3398 - root_mean_squared_error: 147.0216\n",
      "Epoch 12/200\n",
      "120/120 [==============================] - 0s 2ms/step - loss: 20543.0605 - root_mean_squared_error: 143.3285\n",
      "Epoch 13/200\n",
      "120/120 [==============================] - 0s 2ms/step - loss: 19612.3457 - root_mean_squared_error: 140.0441\n",
      "Epoch 14/200\n",
      "120/120 [==============================] - 0s 2ms/step - loss: 18819.3301 - root_mean_squared_error: 137.1836\n",
      "Epoch 15/200\n",
      "120/120 [==============================] - 0s 2ms/step - loss: 18133.0234 - root_mean_squared_error: 134.6589\n",
      "Epoch 16/200\n",
      "120/120 [==============================] - 0s 2ms/step - loss: 17556.8691 - root_mean_squared_error: 132.5023\n",
      "Epoch 17/200\n",
      "120/120 [==============================] - 0s 2ms/step - loss: 17040.6152 - root_mean_squared_error: 130.5397\n",
      "Epoch 18/200\n",
      "120/120 [==============================] - 0s 2ms/step - loss: 16620.3809 - root_mean_squared_error: 128.9201\n",
      "Epoch 19/200\n",
      "120/120 [==============================] - 0s 2ms/step - loss: 15689.9316 - root_mean_squared_error: 125.2595\n",
      "Epoch 20/200\n",
      "120/120 [==============================] - 0s 2ms/step - loss: 15061.0234 - root_mean_squared_error: 122.7234\n",
      "Epoch 21/200\n",
      "120/120 [==============================] - 0s 2ms/step - loss: 14243.9404 - root_mean_squared_error: 119.3480\n",
      "Epoch 22/200\n",
      "120/120 [==============================] - 0s 2ms/step - loss: 13763.7109 - root_mean_squared_error: 117.3188\n",
      "Epoch 23/200\n",
      "120/120 [==============================] - 0s 2ms/step - loss: 13231.5410 - root_mean_squared_error: 115.0284\n",
      "Epoch 24/200\n",
      "120/120 [==============================] - 0s 2ms/step - loss: 12919.4209 - root_mean_squared_error: 113.6636\n",
      "Epoch 25/200\n",
      "120/120 [==============================] - 0s 2ms/step - loss: 12499.5381 - root_mean_squared_error: 111.8013\n",
      "Epoch 26/200\n",
      "120/120 [==============================] - 0s 2ms/step - loss: 12070.1875 - root_mean_squared_error: 109.8644\n",
      "Epoch 27/200\n",
      "120/120 [==============================] - 0s 2ms/step - loss: 11666.4297 - root_mean_squared_error: 108.0112\n",
      "Epoch 28/200\n",
      "120/120 [==============================] - 0s 3ms/step - loss: 11313.8213 - root_mean_squared_error: 106.3664\n",
      "Epoch 29/200\n",
      "120/120 [==============================] - 0s 3ms/step - loss: 10969.8330 - root_mean_squared_error: 104.7370\n",
      "Epoch 30/200\n",
      "120/120 [==============================] - 0s 3ms/step - loss: 10691.0107 - root_mean_squared_error: 103.3973\n",
      "Epoch 31/200\n",
      "120/120 [==============================] - 0s 2ms/step - loss: 10266.7246 - root_mean_squared_error: 101.3248\n",
      "Epoch 32/200\n",
      "120/120 [==============================] - 0s 2ms/step - loss: 9851.7666 - root_mean_squared_error: 99.2561\n",
      "Epoch 33/200\n",
      "120/120 [==============================] - 0s 2ms/step - loss: 9385.4590 - root_mean_squared_error: 96.8786\n",
      "Epoch 34/200\n",
      "120/120 [==============================] - 0s 2ms/step - loss: 8974.4922 - root_mean_squared_error: 94.7338\n",
      "Epoch 35/200\n",
      "120/120 [==============================] - 0s 2ms/step - loss: 8628.0654 - root_mean_squared_error: 92.8874\n",
      "Epoch 36/200\n",
      "120/120 [==============================] - 0s 2ms/step - loss: 8206.8867 - root_mean_squared_error: 90.5919\n",
      "Epoch 37/200\n",
      "120/120 [==============================] - 0s 2ms/step - loss: 7939.8745 - root_mean_squared_error: 89.1060\n",
      "Epoch 38/200\n",
      "120/120 [==============================] - 0s 2ms/step - loss: 7626.8008 - root_mean_squared_error: 87.3316\n",
      "Epoch 39/200\n",
      "120/120 [==============================] - 0s 2ms/step - loss: 7388.0244 - root_mean_squared_error: 85.9536\n",
      "Epoch 40/200\n",
      "120/120 [==============================] - 0s 1ms/step - loss: 7087.9048 - root_mean_squared_error: 84.1897\n",
      "Epoch 41/200\n",
      "120/120 [==============================] - 0s 2ms/step - loss: 6820.1396 - root_mean_squared_error: 82.5841\n",
      "Epoch 42/200\n",
      "120/120 [==============================] - 0s 2ms/step - loss: 6687.3926 - root_mean_squared_error: 81.7765\n",
      "Epoch 43/200\n",
      "120/120 [==============================] - 0s 2ms/step - loss: 6436.3149 - root_mean_squared_error: 80.2266\n",
      "Epoch 44/200\n",
      "120/120 [==============================] - 0s 2ms/step - loss: 6246.5239 - root_mean_squared_error: 79.0350\n",
      "Epoch 45/200\n",
      "120/120 [==============================] - 0s 2ms/step - loss: 6129.5269 - root_mean_squared_error: 78.2913\n",
      "Epoch 46/200\n",
      "120/120 [==============================] - 0s 2ms/step - loss: 5881.6035 - root_mean_squared_error: 76.6916\n",
      "Epoch 47/200\n",
      "120/120 [==============================] - 0s 2ms/step - loss: 5722.7197 - root_mean_squared_error: 75.6487\n",
      "Epoch 48/200\n",
      "120/120 [==============================] - 0s 2ms/step - loss: 5551.0771 - root_mean_squared_error: 74.5056\n",
      "Epoch 49/200\n",
      "120/120 [==============================] - 0s 2ms/step - loss: 5402.5010 - root_mean_squared_error: 73.5017\n",
      "Epoch 50/200\n",
      "120/120 [==============================] - 0s 2ms/step - loss: 5333.3794 - root_mean_squared_error: 73.0300\n",
      "Epoch 51/200\n",
      "120/120 [==============================] - 0s 2ms/step - loss: 5178.1318 - root_mean_squared_error: 71.9592\n",
      "Epoch 52/200\n",
      "120/120 [==============================] - 0s 2ms/step - loss: 5036.0522 - root_mean_squared_error: 70.9651\n",
      "Epoch 53/200\n",
      "120/120 [==============================] - 0s 2ms/step - loss: 4967.2466 - root_mean_squared_error: 70.4787\n",
      "Epoch 54/200\n",
      "120/120 [==============================] - 0s 2ms/step - loss: 4785.1191 - root_mean_squared_error: 69.1746\n",
      "Epoch 55/200\n",
      "120/120 [==============================] - 0s 2ms/step - loss: 4819.5835 - root_mean_squared_error: 69.4232\n",
      "Epoch 56/200\n",
      "120/120 [==============================] - 0s 3ms/step - loss: 4661.4473 - root_mean_squared_error: 68.2748\n",
      "Epoch 57/200\n",
      "120/120 [==============================] - 0s 2ms/step - loss: 4576.2725 - root_mean_squared_error: 67.6482\n",
      "Epoch 58/200\n",
      "120/120 [==============================] - 0s 2ms/step - loss: 4549.5542 - root_mean_squared_error: 67.4504\n",
      "Epoch 59/200\n",
      "120/120 [==============================] - 0s 3ms/step - loss: 4440.0640 - root_mean_squared_error: 66.6338\n",
      "Epoch 60/200\n",
      "120/120 [==============================] - 0s 2ms/step - loss: 4390.9312 - root_mean_squared_error: 66.2641\n",
      "Epoch 61/200\n",
      "120/120 [==============================] - 0s 2ms/step - loss: 4294.0063 - root_mean_squared_error: 65.5287\n",
      "Epoch 62/200\n",
      "120/120 [==============================] - 0s 2ms/step - loss: 4313.3970 - root_mean_squared_error: 65.6765\n",
      "Epoch 63/200\n",
      "120/120 [==============================] - 0s 3ms/step - loss: 4304.7173 - root_mean_squared_error: 65.6103\n",
      "Epoch 64/200\n",
      "120/120 [==============================] - 0s 3ms/step - loss: 4232.7563 - root_mean_squared_error: 65.0596\n",
      "Epoch 65/200\n",
      "120/120 [==============================] - 0s 3ms/step - loss: 4122.9629 - root_mean_squared_error: 64.2103\n",
      "Epoch 66/200\n",
      "120/120 [==============================] - 0s 2ms/step - loss: 4106.1753 - root_mean_squared_error: 64.0794\n",
      "Epoch 67/200\n",
      "120/120 [==============================] - 0s 3ms/step - loss: 4017.8638 - root_mean_squared_error: 63.3866\n",
      "Epoch 68/200\n",
      "120/120 [==============================] - 0s 2ms/step - loss: 3995.3499 - root_mean_squared_error: 63.2088\n",
      "Epoch 69/200\n",
      "120/120 [==============================] - 0s 2ms/step - loss: 3924.7454 - root_mean_squared_error: 62.6478\n",
      "Epoch 70/200\n",
      "120/120 [==============================] - 0s 3ms/step - loss: 3897.9385 - root_mean_squared_error: 62.4335\n",
      "Epoch 71/200\n",
      "120/120 [==============================] - 0s 2ms/step - loss: 3813.0425 - root_mean_squared_error: 61.7498\n",
      "Epoch 72/200\n",
      "120/120 [==============================] - 0s 2ms/step - loss: 3824.4863 - root_mean_squared_error: 61.8424\n",
      "Epoch 73/200\n",
      "120/120 [==============================] - 0s 2ms/step - loss: 3766.7212 - root_mean_squared_error: 61.3736\n",
      "Epoch 74/200\n",
      "120/120 [==============================] - 0s 2ms/step - loss: 3821.5269 - root_mean_squared_error: 61.8185\n",
      "Epoch 75/200\n",
      "120/120 [==============================] - 0s 2ms/step - loss: 3771.9739 - root_mean_squared_error: 61.4164\n",
      "Epoch 76/200\n",
      "120/120 [==============================] - 0s 2ms/step - loss: 3772.9624 - root_mean_squared_error: 61.4244\n",
      "Epoch 77/200\n",
      "120/120 [==============================] - 0s 2ms/step - loss: 3685.8225 - root_mean_squared_error: 60.7110\n",
      "Epoch 78/200\n",
      "120/120 [==============================] - 0s 2ms/step - loss: 3695.7271 - root_mean_squared_error: 60.7925\n",
      "Epoch 79/200\n",
      "120/120 [==============================] - 0s 2ms/step - loss: 3616.2390 - root_mean_squared_error: 60.1352\n",
      "Epoch 80/200\n",
      "120/120 [==============================] - 0s 3ms/step - loss: 3701.1812 - root_mean_squared_error: 60.8373\n",
      "Epoch 81/200\n",
      "120/120 [==============================] - 0s 3ms/step - loss: 3561.0400 - root_mean_squared_error: 59.6744\n",
      "Epoch 82/200\n",
      "120/120 [==============================] - 0s 3ms/step - loss: 3612.0955 - root_mean_squared_error: 60.1007\n",
      "Epoch 83/200\n",
      "120/120 [==============================] - 0s 3ms/step - loss: 3587.4880 - root_mean_squared_error: 59.8956\n",
      "Epoch 84/200\n",
      "120/120 [==============================] - 0s 3ms/step - loss: 3451.0696 - root_mean_squared_error: 58.7458\n",
      "Epoch 85/200\n",
      "120/120 [==============================] - 0s 2ms/step - loss: 3545.9067 - root_mean_squared_error: 59.5475\n",
      "Epoch 86/200\n",
      "120/120 [==============================] - 0s 3ms/step - loss: 3562.0354 - root_mean_squared_error: 59.6828\n",
      "Epoch 87/200\n",
      "120/120 [==============================] - 0s 2ms/step - loss: 3393.5444 - root_mean_squared_error: 58.2541\n",
      "Epoch 88/200\n",
      "120/120 [==============================] - 0s 3ms/step - loss: 3465.8828 - root_mean_squared_error: 58.8717\n",
      "Epoch 89/200\n",
      "120/120 [==============================] - 0s 3ms/step - loss: 3482.0427 - root_mean_squared_error: 59.0088\n",
      "Epoch 90/200\n",
      "120/120 [==============================] - 0s 3ms/step - loss: 3343.8232 - root_mean_squared_error: 57.8258\n",
      "Epoch 91/200\n",
      "120/120 [==============================] - 0s 2ms/step - loss: 3342.6492 - root_mean_squared_error: 57.8156\n",
      "Epoch 92/200\n",
      "120/120 [==============================] - 0s 3ms/step - loss: 3376.0471 - root_mean_squared_error: 58.1038\n",
      "Epoch 93/200\n",
      "120/120 [==============================] - 0s 2ms/step - loss: 3385.8438 - root_mean_squared_error: 58.1880\n",
      "Epoch 94/200\n",
      "120/120 [==============================] - 0s 3ms/step - loss: 3382.4075 - root_mean_squared_error: 58.1585\n",
      "Epoch 95/200\n",
      "120/120 [==============================] - 0s 3ms/step - loss: 3275.3914 - root_mean_squared_error: 57.2310\n",
      "Epoch 96/200\n",
      "120/120 [==============================] - 0s 3ms/step - loss: 3343.4871 - root_mean_squared_error: 57.8229\n",
      "Epoch 97/200\n",
      "120/120 [==============================] - 0s 2ms/step - loss: 3264.3728 - root_mean_squared_error: 57.1347\n",
      "Epoch 98/200\n",
      "120/120 [==============================] - 0s 2ms/step - loss: 3242.3843 - root_mean_squared_error: 56.9419\n",
      "Epoch 99/200\n",
      "120/120 [==============================] - 0s 2ms/step - loss: 3213.3821 - root_mean_squared_error: 56.6867\n",
      "Epoch 100/200\n",
      "120/120 [==============================] - 0s 2ms/step - loss: 3251.4666 - root_mean_squared_error: 57.0216\n",
      "Epoch 101/200\n",
      "120/120 [==============================] - 0s 2ms/step - loss: 3206.1001 - root_mean_squared_error: 56.6224\n",
      "Epoch 102/200\n",
      "120/120 [==============================] - 0s 2ms/step - loss: 3344.5640 - root_mean_squared_error: 57.8322\n",
      "Epoch 103/200\n",
      "120/120 [==============================] - 0s 3ms/step - loss: 3227.9563 - root_mean_squared_error: 56.8151\n",
      "Epoch 104/200\n",
      "120/120 [==============================] - 0s 2ms/step - loss: 3294.8752 - root_mean_squared_error: 57.4010\n",
      "Epoch 105/200\n",
      "120/120 [==============================] - 0s 2ms/step - loss: 3234.4353 - root_mean_squared_error: 56.8721\n",
      "Epoch 106/200\n",
      "120/120 [==============================] - 0s 2ms/step - loss: 3097.2095 - root_mean_squared_error: 55.6526\n",
      "Epoch 107/200\n",
      "120/120 [==============================] - 0s 2ms/step - loss: 3166.4829 - root_mean_squared_error: 56.2715\n",
      "Epoch 108/200\n",
      "120/120 [==============================] - 0s 2ms/step - loss: 3184.7305 - root_mean_squared_error: 56.4334\n",
      "Epoch 109/200\n",
      "120/120 [==============================] - 0s 2ms/step - loss: 3176.3191 - root_mean_squared_error: 56.3588\n",
      "Epoch 110/200\n",
      "120/120 [==============================] - 0s 2ms/step - loss: 3235.2583 - root_mean_squared_error: 56.8793\n",
      "Epoch 111/200\n",
      "120/120 [==============================] - 0s 2ms/step - loss: 3095.3987 - root_mean_squared_error: 55.6363\n",
      "Epoch 112/200\n",
      "120/120 [==============================] - 0s 2ms/step - loss: 3204.5938 - root_mean_squared_error: 56.6091\n",
      "Epoch 113/200\n",
      "120/120 [==============================] - 0s 2ms/step - loss: 3113.3455 - root_mean_squared_error: 55.7974\n",
      "Epoch 114/200\n",
      "120/120 [==============================] - 0s 2ms/step - loss: 3085.3718 - root_mean_squared_error: 55.5461\n",
      "Epoch 115/200\n",
      "120/120 [==============================] - 0s 3ms/step - loss: 3105.1755 - root_mean_squared_error: 55.7241\n",
      "Epoch 116/200\n",
      "120/120 [==============================] - 0s 3ms/step - loss: 3106.9783 - root_mean_squared_error: 55.7403\n",
      "Epoch 117/200\n",
      "120/120 [==============================] - 0s 2ms/step - loss: 3046.6492 - root_mean_squared_error: 55.1965\n",
      "Epoch 118/200\n",
      "120/120 [==============================] - 0s 2ms/step - loss: 3016.7617 - root_mean_squared_error: 54.9251\n",
      "Epoch 119/200\n",
      "120/120 [==============================] - 0s 3ms/step - loss: 3092.5439 - root_mean_squared_error: 55.6106\n",
      "Epoch 120/200\n",
      "120/120 [==============================] - 0s 3ms/step - loss: 3030.2205 - root_mean_squared_error: 55.0474\n",
      "Epoch 121/200\n",
      "120/120 [==============================] - 0s 3ms/step - loss: 3068.9414 - root_mean_squared_error: 55.3980\n",
      "Epoch 122/200\n",
      "120/120 [==============================] - 0s 2ms/step - loss: 2989.3169 - root_mean_squared_error: 54.6746\n",
      "Epoch 123/200\n",
      "120/120 [==============================] - 1s 5ms/step - loss: 3075.2947 - root_mean_squared_error: 55.4553\n",
      "Epoch 124/200\n",
      "120/120 [==============================] - 1s 4ms/step - loss: 2956.2356 - root_mean_squared_error: 54.3713\n",
      "Epoch 125/200\n",
      "120/120 [==============================] - 0s 3ms/step - loss: 2989.5063 - root_mean_squared_error: 54.6764\n",
      "Epoch 126/200\n",
      "120/120 [==============================] - 0s 2ms/step - loss: 3028.3730 - root_mean_squared_error: 55.0307\n",
      "Epoch 127/200\n",
      "120/120 [==============================] - 0s 2ms/step - loss: 2978.9600 - root_mean_squared_error: 54.5798\n",
      "Epoch 128/200\n",
      "120/120 [==============================] - 0s 2ms/step - loss: 2995.9756 - root_mean_squared_error: 54.7355\n",
      "Epoch 129/200\n",
      "120/120 [==============================] - 0s 2ms/step - loss: 2960.8635 - root_mean_squared_error: 54.4138\n",
      "Epoch 130/200\n",
      "120/120 [==============================] - 0s 2ms/step - loss: 2964.9922 - root_mean_squared_error: 54.4517\n",
      "Epoch 131/200\n",
      "120/120 [==============================] - 0s 2ms/step - loss: 2951.3049 - root_mean_squared_error: 54.3259\n",
      "Epoch 132/200\n",
      "120/120 [==============================] - 0s 2ms/step - loss: 2931.8816 - root_mean_squared_error: 54.1469\n",
      "Epoch 133/200\n",
      "120/120 [==============================] - 0s 2ms/step - loss: 3018.7971 - root_mean_squared_error: 54.9436\n",
      "Epoch 134/200\n",
      "120/120 [==============================] - 0s 2ms/step - loss: 2949.4834 - root_mean_squared_error: 54.3091\n",
      "Epoch 135/200\n",
      "120/120 [==============================] - 0s 2ms/step - loss: 2929.4561 - root_mean_squared_error: 54.1244\n",
      "Epoch 136/200\n",
      "120/120 [==============================] - 0s 3ms/step - loss: 2895.1628 - root_mean_squared_error: 53.8067\n",
      "Epoch 137/200\n",
