{
 "cells": [
  {
   "cell_type": "code",
   "execution_count": 1,
   "metadata": {},
   "outputs": [],
   "source": [
    "import numpy as np\n",
    "import pandas as pd "
   ]
  },
  {
   "cell_type": "code",
   "execution_count": 2,
   "metadata": {},
   "outputs": [],
   "source": [
    "df_train = pd.DataFrame(pd.read_excel(\"bike_train.xlsx\"))\n",
    "df_test = pd.DataFrame(pd.read_excel(\"bike_test.xlsx\"))"
   ]
  },
  {
   "cell_type": "code",
   "execution_count": 3,
   "metadata": {},
   "outputs": [
    {
     "data": {
      "text/plain": [
       "count    11999.000000\n",
       "mean       158.594966\n",
       "std        151.392952\n",
       "min          1.000000\n",
       "25%         34.000000\n",
       "50%        118.000000\n",
       "75%        232.000000\n",
       "max        957.000000\n",
       "Name: cnt, dtype: float64"
      ]
     },
     "execution_count": 3,
     "metadata": {},
     "output_type": "execute_result"
    }
   ],
   "source": [
    "df_train['cnt'].describe()"
   ]
  },
  {
   "cell_type": "code",
   "execution_count": 3,
   "metadata": {},
   "outputs": [
    {
     "data": {
      "text/html": [
       "<div>\n",
       "<style scoped>\n",
       "    .dataframe tbody tr th:only-of-type {\n",
       "        vertical-align: middle;\n",
       "    }\n",
       "\n",
       "    .dataframe tbody tr th {\n",
       "        vertical-align: top;\n",
       "    }\n",
       "\n",
       "    .dataframe thead th {\n",
       "        text-align: right;\n",
       "    }\n",
       "</style>\n",
       "<table border=\"1\" class=\"dataframe\">\n",
       "  <thead>\n",
       "    <tr style=\"text-align: right;\">\n",
       "      <th></th>\n",
       "      <th>instant</th>\n",
       "      <th>season</th>\n",
       "      <th>yr</th>\n",
       "      <th>mnth</th>\n",
       "      <th>hr</th>\n",
       "      <th>holiday</th>\n",
       "      <th>weekday</th>\n",
       "      <th>workingday</th>\n",
       "      <th>weathersit</th>\n",
       "      <th>temp</th>\n",
       "      <th>atemp</th>\n",
       "      <th>hum</th>\n",
       "      <th>windspeed</th>\n",
       "      <th>casual</th>\n",
       "      <th>registered</th>\n",
       "      <th>cnt</th>\n",
       "    </tr>\n",
       "  </thead>\n",
       "  <tbody>\n",
       "    <tr>\n",
       "      <th>instant</th>\n",
       "      <td>1.000000</td>\n",
       "      <td>0.118039</td>\n",
       "      <td>0.777284</td>\n",
       "      <td>0.167195</td>\n",
       "      <td>-0.007446</td>\n",
       "      <td>0.008323</td>\n",
       "      <td>0.007103</td>\n",
       "      <td>0.005295</td>\n",
       "      <td>-0.015359</td>\n",
       "      <td>0.029297</td>\n",
       "      <td>0.042490</td>\n",
       "      <td>-0.013275</td>\n",
       "      <td>-0.029001</td>\n",
       "      <td>0.115768</td>\n",
       "      <td>0.238546</td>\n",
       "      <td>0.229814</td>\n",
       "    </tr>\n",
       "    <tr>\n",
       "      <th>season</th>\n",
       "      <td>0.118039</td>\n",
       "      <td>1.000000</td>\n",
       "      <td>-0.446665</td>\n",
       "      <td>0.865268</td>\n",
       "      <td>-0.007610</td>\n",
       "      <td>-0.008928</td>\n",
       "      <td>-0.003688</td>\n",
       "      <td>0.012630</td>\n",
       "      <td>-0.009029</td>\n",
       "      <td>0.410790</td>\n",
       "      <td>0.413196</td>\n",
       "      <td>0.198937</td>\n",
       "      <td>-0.142924</td>\n",
       "      <td>0.119043</td>\n",
       "      <td>0.093595</td>\n",
       "      <td>0.111369</td>\n",
       "    </tr>\n",
       "    <tr>\n",
       "      <th>yr</th>\n",
       "      <td>0.777284</td>\n",
       "      <td>-0.446665</td>\n",
       "      <td>1.000000</td>\n",
       "      <td>-0.488103</td>\n",
       "      <td>-0.003948</td>\n",
       "      <td>0.001039</td>\n",
       "      <td>-0.002714</td>\n",
       "      <td>0.001068</td>\n",
       "      <td>-0.006309</td>\n",
       "      <td>-0.198929</td>\n",
       "      <td>-0.190360</td>\n",
       "      <td>-0.141319</td>\n",
       "      <td>0.067356</td>\n",
       "      <td>0.053371</td>\n",
       "      <td>0.171910</td>\n",
       "      <td>0.156960</td>\n",
       "    </tr>\n",
       "    <tr>\n",
       "      <th>mnth</th>\n",
       "      <td>0.167195</td>\n",
       "      <td>0.865268</td>\n",
       "      <td>-0.488103</td>\n",
       "      <td>1.000000</td>\n",
       "      <td>-0.007060</td>\n",
       "      <td>0.009372</td>\n",
       "      <td>0.014500</td>\n",
       "      <td>0.006441</td>\n",
       "      <td>-0.012239</td>\n",
       "      <td>0.353330</td>\n",
       "      <td>0.358541</td>\n",
       "      <td>0.201669</td>\n",
       "      <td>-0.147042</td>\n",
       "      <td>0.078563</td>\n",
       "      <td>0.061686</td>\n",
       "      <td>0.073431</td>\n",
       "    </tr>\n",
       "    <tr>\n",
       "      <th>hr</th>\n",
       "      <td>-0.007446</td>\n",
       "      <td>-0.007610</td>\n",
       "      <td>-0.003948</td>\n",
       "      <td>-0.007060</td>\n",
       "      <td>1.000000</td>\n",
       "      <td>0.000414</td>\n",
       "      <td>-0.004037</td>\n",
       "      <td>0.003454</td>\n",
       "      <td>-0.024003</td>\n",
       "      <td>0.139251</td>\n",
       "      <td>0.134633</td>\n",
       "      <td>-0.257202</td>\n",
       "      <td>0.130441</td>\n",
       "      <td>0.285182</td>\n",
       "      <td>0.381933</td>\n",
       "      <td>0.396698</td>\n",
       "    </tr>\n",
       "    <tr>\n",
       "      <th>holiday</th>\n",
       "      <td>0.008323</td>\n",
       "      <td>-0.008928</td>\n",
       "      <td>0.001039</td>\n",
       "      <td>0.009372</td>\n",
       "      <td>0.000414</td>\n",
       "      <td>1.000000</td>\n",
       "      <td>-0.102503</td>\n",
       "      <td>-0.248601</td>\n",
       "      <td>-0.014707</td>\n",
       "      <td>-0.028519</td>\n",
       "      <td>-0.038005</td>\n",
       "      <td>-0.036672</td>\n",
       "      <td>0.022681</td>\n",
       "      <td>0.022140</td>\n",
       "      <td>-0.044534</td>\n",
       "      <td>-0.030304</td>\n",
       "    </tr>\n",
       "    <tr>\n",
       "      <th>weekday</th>\n",
       "      <td>0.007103</td>\n",
       "      <td>-0.003688</td>\n",
       "      <td>-0.002714</td>\n",
       "      <td>0.014500</td>\n",
       "      <td>-0.004037</td>\n",
       "      <td>-0.102503</td>\n",
       "      <td>1.000000</td>\n",
       "      <td>0.031057</td>\n",
       "      <td>0.017259</td>\n",
       "      <td>-0.010002</td>\n",
       "      <td>-0.009841</td>\n",
       "      <td>-0.025932</td>\n",
       "      <td>0.008447</td>\n",
       "      <td>0.023687</td>\n",
       "      <td>0.019179</td>\n",
       "      <td>0.022618</td>\n",
       "    </tr>\n",
       "    <tr>\n",
       "      <th>workingday</th>\n",
       "      <td>0.005295</td>\n",
       "      <td>0.012630</td>\n",
       "      <td>0.001068</td>\n",
       "      <td>0.006441</td>\n",
       "      <td>0.003454</td>\n",
       "      <td>-0.248601</td>\n",
       "      <td>0.031057</td>\n",
       "      <td>1.000000</td>\n",
       "      <td>0.042202</td>\n",
       "      <td>0.062273</td>\n",
       "      <td>0.066305</td>\n",
       "      <td>0.022805</td>\n",
       "      <td>-0.002493</td>\n",
       "      <td>-0.298241</td>\n",
       "      <td>0.134789</td>\n",
       "      <td>0.025132</td>\n",
       "    </tr>\n",
       "    <tr>\n",
       "      <th>weathersit</th>\n",
       "      <td>-0.015359</td>\n",
       "      <td>-0.009029</td>\n",
       "      <td>-0.006309</td>\n",
       "      <td>-0.012239</td>\n",
       "      <td>-0.024003</td>\n",
       "      <td>-0.014707</td>\n",
       "      <td>0.017259</td>\n",
       "      <td>0.042202</td>\n",
       "      <td>1.000000</td>\n",
       "      <td>-0.080149</td>\n",
       "      <td>-0.081386</td>\n",
       "      <td>0.430378</td>\n",
       "      <td>0.009195</td>\n",
       "      <td>-0.147903</td>\n",
       "      <td>-0.130223</td>\n",
       "      <td>-0.149848</td>\n",
       "    </tr>\n",
       "    <tr>\n",
       "      <th>temp</th>\n",
       "      <td>0.029297</td>\n",
       "      <td>0.410790</td>\n",
       "      <td>-0.198929</td>\n",
       "      <td>0.353330</td>\n",
       "      <td>0.139251</td>\n",
       "      <td>-0.028519</td>\n",
       "      <td>-0.010002</td>\n",
       "      <td>0.062273</td>\n",
       "      <td>-0.080149</td>\n",
       "      <td>1.000000</td>\n",
       "      <td>0.991785</td>\n",
       "      <td>-0.019289</td>\n",
       "      <td>-0.013984</td>\n",
       "      <td>0.450777</td>\n",
       "      <td>0.322875</td>\n",
       "      <td>0.395743</td>\n",
       "    </tr>\n",
       "    <tr>\n",
       "      <th>atemp</th>\n",
       "      <td>0.042490</td>\n",
       "      <td>0.413196</td>\n",
       "      <td>-0.190360</td>\n",
       "      <td>0.358541</td>\n",
       "      <td>0.134633</td>\n",
       "      <td>-0.038005</td>\n",
       "      <td>-0.009841</td>\n",
       "      <td>0.066305</td>\n",
       "      <td>-0.081386</td>\n",
       "      <td>0.991785</td>\n",
       "      <td>1.000000</td>\n",
       "      <td>-0.003669</td>\n",
       "      <td>-0.057619</td>\n",
       "      <td>0.447899</td>\n",
       "      <td>0.323264</td>\n",
       "      <td>0.395234</td>\n",
       "    </tr>\n",
       "    <tr>\n",
       "      <th>hum</th>\n",
       "      <td>-0.013275</td>\n",
       "      <td>0.198937</td>\n",
       "      <td>-0.141319</td>\n",
       "      <td>0.201669</td>\n",
       "      <td>-0.257202</td>\n",
       "      <td>-0.036672</td>\n",
       "      <td>-0.025932</td>\n",
       "      <td>0.022805</td>\n",
       "      <td>0.430378</td>\n",
       "      <td>-0.019289</td>\n",
       "      <td>-0.003669</td>\n",
       "      <td>1.000000</td>\n",
       "      <td>-0.295765</td>\n",
       "      <td>-0.298354</td>\n",
       "      <td>-0.264382</td>\n",
       "      <td>-0.303672</td>\n",
       "    </tr>\n",
       "    <tr>\n",
       "      <th>windspeed</th>\n",
       "      <td>-0.029001</td>\n",
       "      <td>-0.142924</td>\n",
       "      <td>0.067356</td>\n",
       "      <td>-0.147042</td>\n",
       "      <td>0.130441</td>\n",
       "      <td>0.022681</td>\n",
       "      <td>0.008447</td>\n",
       "      <td>-0.002493</td>\n",
       "      <td>0.009195</td>\n",
       "      <td>-0.013984</td>\n",
       "      <td>-0.057619</td>\n",
       "      <td>-0.295765</td>\n",
       "      <td>1.000000</td>\n",
       "      <td>0.067061</td>\n",
       "      <td>0.091642</td>\n",
       "      <td>0.094791</td>\n",
       "    </tr>\n",
       "    <tr>\n",
       "      <th>casual</th>\n",
       "      <td>0.115768</td>\n",
       "      <td>0.119043</td>\n",
       "      <td>0.053371</td>\n",
       "      <td>0.078563</td>\n",
       "      <td>0.285182</td>\n",
       "      <td>0.022140</td>\n",
       "      <td>0.023687</td>\n",
       "      <td>-0.298241</td>\n",
       "      <td>-0.147903</td>\n",
       "      <td>0.450777</td>\n",
       "      <td>0.447899</td>\n",
       "      <td>-0.298354</td>\n",
       "      <td>0.067061</td>\n",
       "      <td>1.000000</td>\n",
       "      <td>0.503185</td>\n",
       "      <td>0.702414</td>\n",
       "    </tr>\n",
       "    <tr>\n",
       "      <th>registered</th>\n",
       "      <td>0.238546</td>\n",
       "      <td>0.093595</td>\n",
       "      <td>0.171910</td>\n",
       "      <td>0.061686</td>\n",
       "      <td>0.381933</td>\n",
       "      <td>-0.044534</td>\n",
       "      <td>0.019179</td>\n",
       "      <td>0.134789</td>\n",
       "      <td>-0.130223</td>\n",
       "      <td>0.322875</td>\n",
       "      <td>0.323264</td>\n",
       "      <td>-0.264382</td>\n",
       "      <td>0.091642</td>\n",
       "      <td>0.503185</td>\n",
       "      <td>1.000000</td>\n",
       "      <td>0.968540</td>\n",
       "    </tr>\n",
       "    <tr>\n",
       "      <th>cnt</th>\n",
       "      <td>0.229814</td>\n",
       "      <td>0.111369</td>\n",
       "      <td>0.156960</td>\n",
       "      <td>0.073431</td>\n",
       "      <td>0.396698</td>\n",
       "      <td>-0.030304</td>\n",
       "      <td>0.022618</td>\n",
       "      <td>0.025132</td>\n",
       "      <td>-0.149848</td>\n",
       "      <td>0.395743</td>\n",
       "      <td>0.395234</td>\n",
       "      <td>-0.303672</td>\n",
       "      <td>0.094791</td>\n",
       "      <td>0.702414</td>\n",
       "      <td>0.968540</td>\n",
       "      <td>1.000000</td>\n",
       "    </tr>\n",
       "  </tbody>\n",
       "</table>\n",
       "</div>"
      ],
      "text/plain": [
       "             instant    season        yr      mnth        hr   holiday  \\\n",
       "instant     1.000000  0.118039  0.777284  0.167195 -0.007446  0.008323   \n",
       "season      0.118039  1.000000 -0.446665  0.865268 -0.007610 -0.008928   \n",
       "yr          0.777284 -0.446665  1.000000 -0.488103 -0.003948  0.001039   \n",
       "mnth        0.167195  0.865268 -0.488103  1.000000 -0.007060  0.009372   \n",
       "hr         -0.007446 -0.007610 -0.003948 -0.007060  1.000000  0.000414   \n",
       "holiday     0.008323 -0.008928  0.001039  0.009372  0.000414  1.000000   \n",
       "weekday     0.007103 -0.003688 -0.002714  0.014500 -0.004037 -0.102503   \n",
       "workingday  0.005295  0.012630  0.001068  0.006441  0.003454 -0.248601   \n",
       "weathersit -0.015359 -0.009029 -0.006309 -0.012239 -0.024003 -0.014707   \n",
       "temp        0.029297  0.410790 -0.198929  0.353330  0.139251 -0.028519   \n",
       "atemp       0.042490  0.413196 -0.190360  0.358541  0.134633 -0.038005   \n",
       "hum        -0.013275  0.198937 -0.141319  0.201669 -0.257202 -0.036672   \n",
       "windspeed  -0.029001 -0.142924  0.067356 -0.147042  0.130441  0.022681   \n",
       "casual      0.115768  0.119043  0.053371  0.078563  0.285182  0.022140   \n",
       "registered  0.238546  0.093595  0.171910  0.061686  0.381933 -0.044534   \n",
       "cnt         0.229814  0.111369  0.156960  0.073431  0.396698 -0.030304   \n",
       "\n",
       "             weekday  workingday  weathersit      temp     atemp       hum  \\\n",
       "instant     0.007103    0.005295   -0.015359  0.029297  0.042490 -0.013275   \n",
       "season     -0.003688    0.012630   -0.009029  0.410790  0.413196  0.198937   \n",
       "yr         -0.002714    0.001068   -0.006309 -0.198929 -0.190360 -0.141319   \n",
       "mnth        0.014500    0.006441   -0.012239  0.353330  0.358541  0.201669   \n",
       "hr         -0.004037    0.003454   -0.024003  0.139251  0.134633 -0.257202   \n",
       "holiday    -0.102503   -0.248601   -0.014707 -0.028519 -0.038005 -0.036672   \n",
       "weekday     1.000000    0.031057    0.017259 -0.010002 -0.009841 -0.025932   \n",
       "workingday  0.031057    1.000000    0.042202  0.062273  0.066305  0.022805   \n",
       "weathersit  0.017259    0.042202    1.000000 -0.080149 -0.081386  0.430378   \n",
       "temp       -0.010002    0.062273   -0.080149  1.000000  0.991785 -0.019289   \n",
       "atemp      -0.009841    0.066305   -0.081386  0.991785  1.000000 -0.003669   \n",
       "hum        -0.025932    0.022805    0.430378 -0.019289 -0.003669  1.000000   \n",
       "windspeed   0.008447   -0.002493    0.009195 -0.013984 -0.057619 -0.295765   \n",
       "casual      0.023687   -0.298241   -0.147903  0.450777  0.447899 -0.298354   \n",
       "registered  0.019179    0.134789   -0.130223  0.322875  0.323264 -0.264382   \n",
       "cnt         0.022618    0.025132   -0.149848  0.395743  0.395234 -0.303672   \n",
       "\n",
       "            windspeed    casual  registered       cnt  \n",
       "instant     -0.029001  0.115768    0.238546  0.229814  \n",
       "season      -0.142924  0.119043    0.093595  0.111369  \n",
       "yr           0.067356  0.053371    0.171910  0.156960  \n",
       "mnth        -0.147042  0.078563    0.061686  0.073431  \n",
       "hr           0.130441  0.285182    0.381933  0.396698  \n",
       "holiday      0.022681  0.022140   -0.044534 -0.030304  \n",
       "weekday      0.008447  0.023687    0.019179  0.022618  \n",
       "workingday  -0.002493 -0.298241    0.134789  0.025132  \n",
       "weathersit   0.009195 -0.147903   -0.130223 -0.149848  \n",
       "temp        -0.013984  0.450777    0.322875  0.395743  \n",
       "atemp       -0.057619  0.447899    0.323264  0.395234  \n",
       "hum         -0.295765 -0.298354   -0.264382 -0.303672  \n",
       "windspeed    1.000000  0.067061    0.091642  0.094791  \n",
       "casual       0.067061  1.000000    0.503185  0.702414  \n",
       "registered   0.091642  0.503185    1.000000  0.968540  \n",
       "cnt          0.094791  0.702414    0.968540  1.000000  "
      ]
     },
     "execution_count": 3,
     "metadata": {},
     "output_type": "execute_result"
    }
   ],
   "source": [
    "df_train.corr()"
   ]
  },
  {
   "cell_type": "markdown",
   "metadata": {},
   "source": [
    "Basicamente lo que hice en las anteriores lineas de codigo fue analizar los datos para ver con cuales trabajare"
   ]
  },
  {
   "cell_type": "code",
   "execution_count": 4,
   "metadata": {},
   "outputs": [],
   "source": [
    "X = df_train[['season','hr','temp','weekday','weathersit','hum','windspeed']]\n",
    "y = df_train['cnt']\n",
    "\n",
    "# from sklearn.model_selection import train_test_split\n",
    "\n",
    "# X_train, X_test, y_train, y_test = train_test_split(X, y, test_size=0.20, random_state=0)\n",
    "\n",
    "# from sklearn.preprocessing import MinMaxScaler\n",
    "\n",
    "# scaler = MinMaxScaler()\n",
    "# X_scaled_train = scaler.fit_transform(X_train)\n",
    "# X_scaled_test = scaler.fit_transform(X_test)\n",
    "\n",
    "# y_test = y_test.values.reshape(-1, 1)\n",
    "# y_train = y_train.values.reshape(-1, 1)\n",
    "# y_scaled_train = scaler.fit_transform(y_train)\n",
    "# y_scaled_test = scaler.fit_transform(y_test) \n",
    "# y = y.values.reshape(-1, 1)\n",
    "# y_scaled = scaler.fit_transform(y)"
   ]
  },
  {
   "cell_type": "code",
   "execution_count": 79,
   "metadata": {},
   "outputs": [
    {
     "name": "stdout",
     "output_type": "stream",
     "text": [
      "Model: \"sequential_16\"\n",
      "_________________________________________________________________\n",
      " Layer (type)                Output Shape              Param #   \n",
      "=================================================================\n",
      " dense_74 (Dense)            (None, 100)               800       \n",
      "                                                                 \n",
      " dense_75 (Dense)            (None, 100)               10100     \n",
      "                                                                 \n",
      " dense_76 (Dense)            (None, 100)               10100     \n",
      "                                                                 \n",
      " dense_77 (Dense)            (None, 50)                5050      \n",
      "                                                                 \n",
      " dense_78 (Dense)            (None, 1)                 51        \n",
      "                                                                 \n",
      "=================================================================\n",
      "Total params: 26,101\n",
      "Trainable params: 26,101\n",
      "Non-trainable params: 0\n",
      "_________________________________________________________________\n"
     ]
    }
   ],
   "source": [
    "import tensorflow as tf\n",
    "\n",
    "model = tf.keras.Sequential()\n",
    "model.add(tf.keras.layers.Dense(units=100 ,activation='relu',input_shape=(7, )))\n",
    "model.add(tf.keras.layers.Dense(units=100 ,activation='relu'))\n",
    "model.add(tf.keras.layers.Dense(units=100 ,activation='relu'))\n",
    "model.add(tf.keras.layers.Dense(units=50 ,activation='relu'))\n",
    "model.add(tf.keras.layers.Dense(units=1 ,activation='linear'))\n",
    "\n",
    "model.summary()"
   ]
  },
  {
   "cell_type": "code",
   "execution_count": 80,
   "metadata": {},
   "outputs": [
    {
     "name": "stdout",
     "output_type": "stream",
     "text": [
      "Epoch 1/100\n",
      "120/120 [==============================] - 1s 2ms/step - loss: 24553.3105 - root_mean_squared_error: 156.6950\n",
      "Epoch 2/100\n",
      "120/120 [==============================] - 0s 2ms/step - loss: 18164.3516 - root_mean_squared_error: 134.7752\n",
      "Epoch 3/100\n",
      "120/120 [==============================] - 0s 2ms/step - loss: 16174.5879 - root_mean_squared_error: 127.1794\n",
      "Epoch 4/100\n",
      "120/120 [==============================] - 0s 3ms/step - loss: 14576.6982 - root_mean_squared_error: 120.7340\n",
      "Epoch 5/100\n",
      "120/120 [==============================] - 0s 2ms/step - loss: 13166.2021 - root_mean_squared_error: 114.7441\n",
      "Epoch 6/100\n",
      "120/120 [==============================] - 0s 2ms/step - loss: 12629.2256 - root_mean_squared_error: 112.3798\n",
      "Epoch 7/100\n",
      "120/120 [==============================] - 0s 2ms/step - loss: 12097.3418 - root_mean_squared_error: 109.9879\n",
      "Epoch 8/100\n",
      "120/120 [==============================] - 0s 2ms/step - loss: 11912.9580 - root_mean_squared_error: 109.1465\n",
      "Epoch 9/100\n",
      "120/120 [==============================] - 0s 2ms/step - loss: 11560.1299 - root_mean_squared_error: 107.5180\n",
      "Epoch 10/100\n",
      "120/120 [==============================] - 0s 2ms/step - loss: 11450.2393 - root_mean_squared_error: 107.0058\n",
      "Epoch 11/100\n",
      "120/120 [==============================] - 0s 2ms/step - loss: 11111.9023 - root_mean_squared_error: 105.4130\n",
      "Epoch 12/100\n",
      "120/120 [==============================] - 0s 2ms/step - loss: 10913.7637 - root_mean_squared_error: 104.4690\n",
      "Epoch 13/100\n",
      "120/120 [==============================] - 0s 2ms/step - loss: 10743.5283 - root_mean_squared_error: 103.6510\n",
      "Epoch 14/100\n",
      "120/120 [==============================] - 0s 2ms/step - loss: 10611.4893 - root_mean_squared_error: 103.0121\n",
      "Epoch 15/100\n",
      "120/120 [==============================] - 0s 2ms/step - loss: 10537.4189 - root_mean_squared_error: 102.6519\n",
      "Epoch 16/100\n",
      "120/120 [==============================] - 0s 2ms/step - loss: 10326.5195 - root_mean_squared_error: 101.6195\n",
      "Epoch 17/100\n",
      "120/120 [==============================] - 0s 2ms/step - loss: 10147.5000 - root_mean_squared_error: 100.7348\n",
      "Epoch 18/100\n",
      "120/120 [==============================] - 0s 2ms/step - loss: 10074.2412 - root_mean_squared_error: 100.3705\n",
      "Epoch 19/100\n",
      "120/120 [==============================] - 0s 2ms/step - loss: 9791.8438 - root_mean_squared_error: 98.9537\n",
      "Epoch 20/100\n",
      "120/120 [==============================] - 0s 2ms/step - loss: 9511.6777 - root_mean_squared_error: 97.5278\n",
      "Epoch 21/100\n",
      "120/120 [==============================] - 0s 2ms/step - loss: 9482.7051 - root_mean_squared_error: 97.3792\n",
      "Epoch 22/100\n",
      "120/120 [==============================] - 0s 2ms/step - loss: 9413.7412 - root_mean_squared_error: 97.0244\n",
      "Epoch 23/100\n",
      "120/120 [==============================] - 0s 3ms/step - loss: 9104.3438 - root_mean_squared_error: 95.4167\n",
      "Epoch 24/100\n",
      "120/120 [==============================] - 0s 2ms/step - loss: 8773.6260 - root_mean_squared_error: 93.6676\n",
      "Epoch 25/100\n",
      "120/120 [==============================] - 0s 2ms/step - loss: 8472.6074 - root_mean_squared_error: 92.0468\n",
      "Epoch 26/100\n",
      "120/120 [==============================] - 0s 2ms/step - loss: 8303.3115 - root_mean_squared_error: 91.1225\n",
      "Epoch 27/100\n",
      "120/120 [==============================] - 0s 2ms/step - loss: 8066.0547 - root_mean_squared_error: 89.8112\n",
      "Epoch 28/100\n",
      "120/120 [==============================] - 0s 2ms/step - loss: 7815.9326 - root_mean_squared_error: 88.4078\n",
      "Epoch 29/100\n",
      "120/120 [==============================] - 0s 2ms/step - loss: 7362.2583 - root_mean_squared_error: 85.8036\n",
      "Epoch 30/100\n",
      "120/120 [==============================] - 0s 2ms/step - loss: 7249.7192 - root_mean_squared_error: 85.1453\n",
      "Epoch 31/100\n",
      "120/120 [==============================] - 0s 2ms/step - loss: 6915.8223 - root_mean_squared_error: 83.1614\n",
      "Epoch 32/100\n",
      "120/120 [==============================] - 0s 2ms/step - loss: 6595.9575 - root_mean_squared_error: 81.2155\n",
      "Epoch 33/100\n",
      "120/120 [==============================] - 0s 2ms/step - loss: 6465.9971 - root_mean_squared_error: 80.4114\n",
      "Epoch 34/100\n",
      "120/120 [==============================] - 0s 2ms/step - loss: 6209.0659 - root_mean_squared_error: 78.7976\n",
      "Epoch 35/100\n",
      "120/120 [==============================] - 0s 2ms/step - loss: 5999.5259 - root_mean_squared_error: 77.4566\n",
      "Epoch 36/100\n",
      "120/120 [==============================] - 0s 2ms/step - loss: 5747.2002 - root_mean_squared_error: 75.8103\n",
      "Epoch 37/100\n",
      "120/120 [==============================] - 0s 2ms/step - loss: 5577.0942 - root_mean_squared_error: 74.6799\n",
      "Epoch 38/100\n",
      "120/120 [==============================] - 0s 2ms/step - loss: 5567.4282 - root_mean_squared_error: 74.6152\n",
      "Epoch 39/100\n",
      "120/120 [==============================] - 0s 2ms/step - loss: 5467.1865 - root_mean_squared_error: 73.9404\n",
      "Epoch 40/100\n",
      "120/120 [==============================] - 0s 2ms/step - loss: 5291.0005 - root_mean_squared_error: 72.7393\n",
      "Epoch 41/100\n",
      "120/120 [==============================] - 0s 2ms/step - loss: 5266.8501 - root_mean_squared_error: 72.5731\n",
      "Epoch 42/100\n",
      "120/120 [==============================] - 0s 2ms/step - loss: 4987.0894 - root_mean_squared_error: 70.6193\n",
      "Epoch 43/100\n",
      "120/120 [==============================] - 0s 2ms/step - loss: 4980.0254 - root_mean_squared_error: 70.5693\n",
      "Epoch 44/100\n",
      "120/120 [==============================] - 0s 2ms/step - loss: 4754.1953 - root_mean_squared_error: 68.9507\n",
      "Epoch 45/100\n",
      "120/120 [==============================] - 0s 2ms/step - loss: 4796.6133 - root_mean_squared_error: 69.2576\n",
      "Epoch 46/100\n",
      "120/120 [==============================] - 0s 2ms/step - loss: 4865.6479 - root_mean_squared_error: 69.7542\n",
      "Epoch 47/100\n",
      "120/120 [==============================] - 0s 2ms/step - loss: 4672.6694 - root_mean_squared_error: 68.3569\n",
      "Epoch 48/100\n",
      "120/120 [==============================] - 0s 2ms/step - loss: 4578.5010 - root_mean_squared_error: 67.6646\n",
      "Epoch 49/100\n",
      "120/120 [==============================] - 0s 3ms/step - loss: 4532.3247 - root_mean_squared_error: 67.3225\n",
      "Epoch 50/100\n",
      "120/120 [==============================] - 0s 2ms/step - loss: 4338.5552 - root_mean_squared_error: 65.8677\n",
      "Epoch 51/100\n",
      "120/120 [==============================] - 0s 2ms/step - loss: 4384.7041 - root_mean_squared_error: 66.2171\n",
      "Epoch 52/100\n",
      "120/120 [==============================] - 0s 2ms/step - loss: 4254.6782 - root_mean_squared_error: 65.2279\n",
      "Epoch 53/100\n",
      "120/120 [==============================] - 0s 2ms/step - loss: 4304.1875 - root_mean_squared_error: 65.6063\n",
      "Epoch 54/100\n",
      "120/120 [==============================] - 0s 2ms/step - loss: 4250.2627 - root_mean_squared_error: 65.1940\n",
      "Epoch 55/100\n",
      "120/120 [==============================] - 0s 2ms/step - loss: 4305.9878 - root_mean_squared_error: 65.6200\n",
      "Epoch 56/100\n",
      "120/120 [==============================] - 0s 2ms/step - loss: 4110.1519 - root_mean_squared_error: 64.1105\n",
      "Epoch 57/100\n",
      "120/120 [==============================] - 0s 2ms/step - loss: 4084.1606 - root_mean_squared_error: 63.9074\n",
      "Epoch 58/100\n",
      "120/120 [==============================] - 0s 2ms/step - loss: 4209.2373 - root_mean_squared_error: 64.8786\n",
      "Epoch 59/100\n",
      "120/120 [==============================] - 0s 2ms/step - loss: 4114.2554 - root_mean_squared_error: 64.1425\n",
      "Epoch 60/100\n",
      "120/120 [==============================] - 0s 2ms/step - loss: 3946.2524 - root_mean_squared_error: 62.8192\n",
      "Epoch 61/100\n",
      "120/120 [==============================] - 0s 2ms/step - loss: 4169.7539 - root_mean_squared_error: 64.5736\n",
      "Epoch 62/100\n",
      "120/120 [==============================] - 0s 2ms/step - loss: 4062.6201 - root_mean_squared_error: 63.7387\n",
      "Epoch 63/100\n",
      "120/120 [==============================] - 0s 2ms/step - loss: 3892.6621 - root_mean_squared_error: 62.3912\n",
      "Epoch 64/100\n",
      "120/120 [==============================] - 0s 2ms/step - loss: 3816.8308 - root_mean_squared_error: 61.7805\n",
      "Epoch 65/100\n",
      "120/120 [==============================] - 0s 2ms/step - loss: 4009.1328 - root_mean_squared_error: 63.3177\n",
      "Epoch 66/100\n",
      "120/120 [==============================] - 0s 2ms/step - loss: 3928.6543 - root_mean_squared_error: 62.6790\n",
      "Epoch 67/100\n",
      "120/120 [==============================] - 0s 2ms/step - loss: 3929.0098 - root_mean_squared_error: 62.6818\n",
      "Epoch 68/100\n",
      "120/120 [==============================] - 0s 2ms/step - loss: 3850.0642 - root_mean_squared_error: 62.0489\n",
      "Epoch 69/100\n",
      "120/120 [==============================] - 0s 2ms/step - loss: 3770.2715 - root_mean_squared_error: 61.4025\n",
      "Epoch 70/100\n",
      "120/120 [==============================] - 0s 2ms/step - loss: 3733.2800 - root_mean_squared_error: 61.1006\n",
      "Epoch 71/100\n",
      "120/120 [==============================] - 0s 2ms/step - loss: 3737.7124 - root_mean_squared_error: 61.1368\n",
      "Epoch 72/100\n",
      "120/120 [==============================] - 0s 2ms/step - loss: 3751.1296 - root_mean_squared_error: 61.2465\n",
      "Epoch 73/100\n",
      "120/120 [==============================] - 0s 2ms/step - loss: 3785.7715 - root_mean_squared_error: 61.5286\n",
      "Epoch 74/100\n",
      "120/120 [==============================] - 0s 2ms/step - loss: 3640.8191 - root_mean_squared_error: 60.3392\n",
      "Epoch 75/100\n",
      "120/120 [==============================] - 0s 2ms/step - loss: 3986.1245 - root_mean_squared_error: 63.1358\n",
      "Epoch 76/100\n",
      "120/120 [==============================] - 0s 2ms/step - loss: 3675.8303 - root_mean_squared_error: 60.6286\n",
      "Epoch 77/100\n",
      "120/120 [==============================] - 0s 2ms/step - loss: 3651.3313 - root_mean_squared_error: 60.4262\n",
      "Epoch 78/100\n",
      "120/120 [==============================] - 0s 2ms/step - loss: 3600.8958 - root_mean_squared_error: 60.0075\n",
      "Epoch 79/100\n",
      "120/120 [==============================] - 0s 2ms/step - loss: 3487.1780 - root_mean_squared_error: 59.0523\n",
      "Epoch 80/100\n",
      "120/120 [==============================] - 0s 2ms/step - loss: 3504.3601 - root_mean_squared_error: 59.1976\n",
      "Epoch 81/100\n",
      "120/120 [==============================] - 0s 2ms/step - loss: 3695.2410 - root_mean_squared_error: 60.7885\n",
      "Epoch 82/100\n",
      "120/120 [==============================] - 0s 2ms/step - loss: 3660.0623 - root_mean_squared_error: 60.4984\n",
      "Epoch 83/100\n",
      "120/120 [==============================] - 0s 2ms/step - loss: 3588.8245 - root_mean_squared_error: 59.9068\n",
      "Epoch 84/100\n",
      "120/120 [==============================] - 0s 2ms/step - loss: 3529.4351 - root_mean_squared_error: 59.4090\n",
      "Epoch 85/100\n",
      "120/120 [==============================] - 0s 2ms/step - loss: 3477.9934 - root_mean_squared_error: 58.9745\n",
      "Epoch 86/100\n",
      "120/120 [==============================] - 0s 2ms/step - loss: 3542.9399 - root_mean_squared_error: 59.5226\n",
      "Epoch 87/100\n",
      "120/120 [==============================] - 0s 2ms/step - loss: 3477.8169 - root_mean_squared_error: 58.9730\n",
      "Epoch 88/100\n",
      "120/120 [==============================] - 0s 2ms/step - loss: 3518.1775 - root_mean_squared_error: 59.3142\n",
      "Epoch 89/100\n",
      "120/120 [==============================] - 0s 2ms/step - loss: 3502.3442 - root_mean_squared_error: 59.1806\n",
      "Epoch 90/100\n",
      "120/120 [==============================] - 0s 2ms/step - loss: 3412.5073 - root_mean_squared_error: 58.4167\n",
      "Epoch 91/100\n",
      "120/120 [==============================] - 0s 2ms/step - loss: 3507.0930 - root_mean_squared_error: 59.2207\n",
      "Epoch 92/100\n",
      "120/120 [==============================] - 0s 2ms/step - loss: 3415.4028 - root_mean_squared_error: 58.4414\n",
      "Epoch 93/100\n",
      "120/120 [==============================] - 0s 2ms/step - loss: 3384.7034 - root_mean_squared_error: 58.1782\n",
      "Epoch 94/100\n",
      "120/120 [==============================] - 0s 2ms/step - loss: 3469.0132 - root_mean_squared_error: 58.8983\n",
      "Epoch 95/100\n",
      "120/120 [==============================] - 0s 2ms/step - loss: 3402.8523 - root_mean_squared_error: 58.3340\n",
      "Epoch 96/100\n",
      "120/120 [==============================] - 0s 2ms/step - loss: 3429.3198 - root_mean_squared_error: 58.5604\n",
      "Epoch 97/100\n",
      "120/120 [==============================] - 0s 2ms/step - loss: 3434.8345 - root_mean_squared_error: 58.6075\n",
      "Epoch 98/100\n",
      "120/120 [==============================] - 0s 2ms/step - loss: 3468.4819 - root_mean_squared_error: 58.8938\n",
      "Epoch 99/100\n",
      "120/120 [==============================] - 0s 2ms/step - loss: 3430.1589 - root_mean_squared_error: 58.5676\n",
      "Epoch 100/100\n",
      "120/120 [==============================] - 0s 3ms/step - loss: 3333.0356 - root_mean_squared_error: 57.7324\n",
      "Epoch 1/100\n",
      "400/400 [==============================] - 1s 2ms/step - loss: 4276.8008 - root_mean_squared_error: 65.3973\n",
      "Epoch 2/100\n",
      "400/400 [==============================] - 1s 2ms/step - loss: 3960.5872 - root_mean_squared_error: 62.9332\n",
      "Epoch 3/100\n",
      "400/400 [==============================] - 1s 2ms/step - loss: 3872.6643 - root_mean_squared_error: 62.2307\n",
      "Epoch 4/100\n",
      "400/400 [==============================] - 1s 2ms/step - loss: 3670.8535 - root_mean_squared_error: 60.5876\n",
      "Epoch 5/100\n",
      "400/400 [==============================] - 1s 2ms/step - loss: 3775.0642 - root_mean_squared_error: 61.4416\n",
      "Epoch 6/100\n",
      "400/400 [==============================] - 1s 2ms/step - loss: 3908.5034 - root_mean_squared_error: 62.5180\n",
      "Epoch 7/100\n",
      "400/400 [==============================] - 1s 2ms/step - loss: 3856.1370 - root_mean_squared_error: 62.0978\n",
      "Epoch 8/100\n",
      "400/400 [==============================] - 1s 2ms/step - loss: 3831.9431 - root_mean_squared_error: 61.9027\n",
      "Epoch 9/100\n",
      "400/400 [==============================] - 1s 2ms/step - loss: 3684.0959 - root_mean_squared_error: 60.6968\n",
      "Epoch 10/100\n",
      "400/400 [==============================] - 1s 2ms/step - loss: 3698.1680 - root_mean_squared_error: 60.8126\n",
      "Epoch 11/100\n",
      "400/400 [==============================] - 1s 2ms/step - loss: 3576.8350 - root_mean_squared_error: 59.8066\n",
      "Epoch 12/100\n",
      "400/400 [==============================] - 1s 2ms/step - loss: 3804.2402 - root_mean_squared_error: 61.6785\n",
      "Epoch 13/100\n",
      "400/400 [==============================] - 1s 2ms/step - loss: 3675.9673 - root_mean_squared_error: 60.6298\n",
      "Epoch 14/100\n",
      "400/400 [==============================] - 1s 2ms/step - loss: 3572.3154 - root_mean_squared_error: 59.7688\n",
      "Epoch 15/100\n",
      "400/400 [==============================] - 1s 2ms/step - loss: 3721.6941 - root_mean_squared_error: 61.0057\n",
      "Epoch 16/100\n",
      "400/400 [==============================] - 1s 2ms/step - loss: 3585.9648 - root_mean_squared_error: 59.8829\n",
      "Epoch 17/100\n",
      "400/400 [==============================] - 1s 2ms/step - loss: 3628.2681 - root_mean_squared_error: 60.2351\n",
      "Epoch 18/100\n",
      "400/400 [==============================] - 1s 2ms/step - loss: 3656.4409 - root_mean_squared_error: 60.4685\n",
      "Epoch 19/100\n",
      "400/400 [==============================] - 1s 2ms/step - loss: 3674.7903 - root_mean_squared_error: 60.6200\n",
      "Epoch 20/100\n",
      "400/400 [==============================] - 1s 2ms/step - loss: 3595.1646 - root_mean_squared_error: 59.9597\n",
      "Epoch 21/100\n",
      "400/400 [==============================] - 1s 2ms/step - loss: 3588.7834 - root_mean_squared_error: 59.9065\n",
      "Epoch 22/100\n",
      "400/400 [==============================] - 1s 2ms/step - loss: 3555.7793 - root_mean_squared_error: 59.6304\n",
      "Epoch 23/100\n",
      "400/400 [==============================] - 1s 2ms/step - loss: 3517.6399 - root_mean_squared_error: 59.3097\n",
      "Epoch 24/100\n",
      "400/400 [==============================] - 1s 2ms/step - loss: 3732.4333 - root_mean_squared_error: 61.0936\n",
      "Epoch 25/100\n",
      "400/400 [==============================] - 1s 2ms/step - loss: 3469.9604 - root_mean_squared_error: 58.9064\n",
      "Epoch 26/100\n",
      "400/400 [==============================] - 1s 2ms/step - loss: 3478.0442 - root_mean_squared_error: 58.9749\n",
      "Epoch 27/100\n",
      "400/400 [==============================] - 1s 2ms/step - loss: 3447.9297 - root_mean_squared_error: 58.7191\n",
      "Epoch 28/100\n",
      "400/400 [==============================] - 1s 2ms/step - loss: 3454.5579 - root_mean_squared_error: 58.7755\n",
      "Epoch 29/100\n",
      "400/400 [==============================] - 1s 2ms/step - loss: 3388.4124 - root_mean_squared_error: 58.2101\n",
      "Epoch 30/100\n",
      "400/400 [==============================] - 1s 2ms/step - loss: 3521.2815 - root_mean_squared_error: 59.3404\n",
      "Epoch 31/100\n",
      "400/400 [==============================] - 1s 2ms/step - loss: 3471.1399 - root_mean_squared_error: 58.9164\n",
      "Epoch 32/100\n",
      "400/400 [==============================] - 1s 2ms/step - loss: 3456.5371 - root_mean_squared_error: 58.7923\n",
      "Epoch 33/100\n",
      "400/400 [==============================] - 1s 2ms/step - loss: 3466.8225 - root_mean_squared_error: 58.8797\n",
      "Epoch 34/100\n",
      "400/400 [==============================] - 1s 2ms/step - loss: 3357.7505 - root_mean_squared_error: 57.9461\n",
      "Epoch 35/100\n",
      "400/400 [==============================] - 1s 2ms/step - loss: 3526.0225 - root_mean_squared_error: 59.3803\n",
      "Epoch 36/100\n",
