{
 "cells": [
  {
   "cell_type": "code",
   "execution_count": 1,
   "metadata": {},
   "outputs": [],
   "source": [
    "import numpy as np\n",
    "import pandas as pd "
   ]
  },
  {
   "cell_type": "code",
   "execution_count": 2,
   "metadata": {},
   "outputs": [],
   "source": [
    "df_train = pd.DataFrame(pd.read_excel(\"bike_train.xlsx\"))\n",
    "df_test = pd.DataFrame(pd.read_excel(\"bike_test.xlsx\"))"
   ]
  },
  {
   "cell_type": "code",
   "execution_count": 3,
   "metadata": {},
   "outputs": [
    {
     "data": {
      "text/plain": [
       "count    11999.000000\n",
       "mean       158.594966\n",
       "std        151.392952\n",
       "min          1.000000\n",
       "25%         34.000000\n",
       "50%        118.000000\n",
       "75%        232.000000\n",
       "max        957.000000\n",
       "Name: cnt, dtype: float64"
      ]
     },
     "execution_count": 3,
     "metadata": {},
     "output_type": "execute_result"
    }
   ],
   "source": [
    "df_train['cnt'].describe()"
   ]
  },
  {
   "cell_type": "code",
   "execution_count": 4,
   "metadata": {},
   "outputs": [
    {
     "data": {
      "text/html": [
       "<div>\n",
       "<style scoped>\n",
       "    .dataframe tbody tr th:only-of-type {\n",
       "        vertical-align: middle;\n",
       "    }\n",
       "\n",
       "    .dataframe tbody tr th {\n",
       "        vertical-align: top;\n",
       "    }\n",
       "\n",
       "    .dataframe thead th {\n",
       "        text-align: right;\n",
       "    }\n",
       "</style>\n",
       "<table border=\"1\" class=\"dataframe\">\n",
       "  <thead>\n",
       "    <tr style=\"text-align: right;\">\n",
       "      <th></th>\n",
       "      <th>instant</th>\n",
       "      <th>season</th>\n",
       "      <th>yr</th>\n",
       "      <th>mnth</th>\n",
       "      <th>hr</th>\n",
       "      <th>holiday</th>\n",
       "      <th>weekday</th>\n",
       "      <th>workingday</th>\n",
       "      <th>weathersit</th>\n",
       "      <th>temp</th>\n",
       "      <th>atemp</th>\n",
       "      <th>hum</th>\n",
       "      <th>windspeed</th>\n",
       "      <th>casual</th>\n",
       "      <th>registered</th>\n",
       "      <th>cnt</th>\n",
       "    </tr>\n",
       "  </thead>\n",
       "  <tbody>\n",
       "    <tr>\n",
       "      <th>instant</th>\n",
       "      <td>1.000000</td>\n",
       "      <td>0.118039</td>\n",
       "      <td>0.777284</td>\n",
       "      <td>0.167195</td>\n",
       "      <td>-0.007446</td>\n",
       "      <td>0.008323</td>\n",
       "      <td>0.007103</td>\n",
       "      <td>0.005295</td>\n",
       "      <td>-0.015359</td>\n",
       "      <td>0.029297</td>\n",
       "      <td>0.042490</td>\n",
       "      <td>-0.013275</td>\n",
       "      <td>-0.029001</td>\n",
       "      <td>0.115768</td>\n",
       "      <td>0.238546</td>\n",
       "      <td>0.229814</td>\n",
       "    </tr>\n",
       "    <tr>\n",
       "      <th>season</th>\n",
       "      <td>0.118039</td>\n",
       "      <td>1.000000</td>\n",
       "      <td>-0.446665</td>\n",
       "      <td>0.865268</td>\n",
       "      <td>-0.007610</td>\n",
       "      <td>-0.008928</td>\n",
       "      <td>-0.003688</td>\n",
       "      <td>0.012630</td>\n",
       "      <td>-0.009029</td>\n",
       "      <td>0.410790</td>\n",
       "      <td>0.413196</td>\n",
       "      <td>0.198937</td>\n",
       "      <td>-0.142924</td>\n",
       "      <td>0.119043</td>\n",
       "      <td>0.093595</td>\n",
       "      <td>0.111369</td>\n",
       "    </tr>\n",
       "    <tr>\n",
       "      <th>yr</th>\n",
       "      <td>0.777284</td>\n",
       "      <td>-0.446665</td>\n",
       "      <td>1.000000</td>\n",
       "      <td>-0.488103</td>\n",
       "      <td>-0.003948</td>\n",
       "      <td>0.001039</td>\n",
       "      <td>-0.002714</td>\n",
       "      <td>0.001068</td>\n",
       "      <td>-0.006309</td>\n",
       "      <td>-0.198929</td>\n",
       "      <td>-0.190360</td>\n",
       "      <td>-0.141319</td>\n",
       "      <td>0.067356</td>\n",
       "      <td>0.053371</td>\n",
       "      <td>0.171910</td>\n",
       "      <td>0.156960</td>\n",
       "    </tr>\n",
       "    <tr>\n",
       "      <th>mnth</th>\n",
       "      <td>0.167195</td>\n",
       "      <td>0.865268</td>\n",
       "      <td>-0.488103</td>\n",
       "      <td>1.000000</td>\n",
       "      <td>-0.007060</td>\n",
       "      <td>0.009372</td>\n",
       "      <td>0.014500</td>\n",
       "      <td>0.006441</td>\n",
       "      <td>-0.012239</td>\n",
       "      <td>0.353330</td>\n",
       "      <td>0.358541</td>\n",
       "      <td>0.201669</td>\n",
       "      <td>-0.147042</td>\n",
       "      <td>0.078563</td>\n",
       "      <td>0.061686</td>\n",
       "      <td>0.073431</td>\n",
       "    </tr>\n",
       "    <tr>\n",
       "      <th>hr</th>\n",
       "      <td>-0.007446</td>\n",
       "      <td>-0.007610</td>\n",
       "      <td>-0.003948</td>\n",
       "      <td>-0.007060</td>\n",
       "      <td>1.000000</td>\n",
       "      <td>0.000414</td>\n",
       "      <td>-0.004037</td>\n",
       "      <td>0.003454</td>\n",
       "      <td>-0.024003</td>\n",
       "      <td>0.139251</td>\n",
       "      <td>0.134633</td>\n",
       "      <td>-0.257202</td>\n",
       "      <td>0.130441</td>\n",
       "      <td>0.285182</td>\n",
       "      <td>0.381933</td>\n",
       "      <td>0.396698</td>\n",
       "    </tr>\n",
       "    <tr>\n",
       "      <th>holiday</th>\n",
       "      <td>0.008323</td>\n",
       "      <td>-0.008928</td>\n",
       "      <td>0.001039</td>\n",
       "      <td>0.009372</td>\n",
       "      <td>0.000414</td>\n",
       "      <td>1.000000</td>\n",
       "      <td>-0.102503</td>\n",
       "      <td>-0.248601</td>\n",
       "      <td>-0.014707</td>\n",
       "      <td>-0.028519</td>\n",
       "      <td>-0.038005</td>\n",
       "      <td>-0.036672</td>\n",
       "      <td>0.022681</td>\n",
       "      <td>0.022140</td>\n",
       "      <td>-0.044534</td>\n",
       "      <td>-0.030304</td>\n",
       "    </tr>\n",
       "    <tr>\n",
       "      <th>weekday</th>\n",
       "      <td>0.007103</td>\n",
       "      <td>-0.003688</td>\n",
       "      <td>-0.002714</td>\n",
       "      <td>0.014500</td>\n",
       "      <td>-0.004037</td>\n",
       "      <td>-0.102503</td>\n",
       "      <td>1.000000</td>\n",
       "      <td>0.031057</td>\n",
       "      <td>0.017259</td>\n",
       "      <td>-0.010002</td>\n",
       "      <td>-0.009841</td>\n",
       "      <td>-0.025932</td>\n",
       "      <td>0.008447</td>\n",
       "      <td>0.023687</td>\n",
       "      <td>0.019179</td>\n",
       "      <td>0.022618</td>\n",
       "    </tr>\n",
       "    <tr>\n",
       "      <th>workingday</th>\n",
       "      <td>0.005295</td>\n",
       "      <td>0.012630</td>\n",
       "      <td>0.001068</td>\n",
       "      <td>0.006441</td>\n",
       "      <td>0.003454</td>\n",
       "      <td>-0.248601</td>\n",
       "      <td>0.031057</td>\n",
       "      <td>1.000000</td>\n",
       "      <td>0.042202</td>\n",
       "      <td>0.062273</td>\n",
       "      <td>0.066305</td>\n",
       "      <td>0.022805</td>\n",
       "      <td>-0.002493</td>\n",
       "      <td>-0.298241</td>\n",
       "      <td>0.134789</td>\n",
       "      <td>0.025132</td>\n",
       "    </tr>\n",
       "    <tr>\n",
       "      <th>weathersit</th>\n",
       "      <td>-0.015359</td>\n",
       "      <td>-0.009029</td>\n",
       "      <td>-0.006309</td>\n",
       "      <td>-0.012239</td>\n",
       "      <td>-0.024003</td>\n",
       "      <td>-0.014707</td>\n",
       "      <td>0.017259</td>\n",
       "      <td>0.042202</td>\n",
       "      <td>1.000000</td>\n",
       "      <td>-0.080149</td>\n",
       "      <td>-0.081386</td>\n",
       "      <td>0.430378</td>\n",
       "      <td>0.009195</td>\n",
       "      <td>-0.147903</td>\n",
       "      <td>-0.130223</td>\n",
       "      <td>-0.149848</td>\n",
       "    </tr>\n",
       "    <tr>\n",
       "      <th>temp</th>\n",
       "      <td>0.029297</td>\n",
       "      <td>0.410790</td>\n",
       "      <td>-0.198929</td>\n",
       "      <td>0.353330</td>\n",
       "      <td>0.139251</td>\n",
       "      <td>-0.028519</td>\n",
       "      <td>-0.010002</td>\n",
       "      <td>0.062273</td>\n",
       "      <td>-0.080149</td>\n",
       "      <td>1.000000</td>\n",
       "      <td>0.991785</td>\n",
       "      <td>-0.019289</td>\n",
       "      <td>-0.013984</td>\n",
       "      <td>0.450777</td>\n",
       "      <td>0.322875</td>\n",
       "      <td>0.395743</td>\n",
       "    </tr>\n",
       "    <tr>\n",
       "      <th>atemp</th>\n",
       "      <td>0.042490</td>\n",
       "      <td>0.413196</td>\n",
       "      <td>-0.190360</td>\n",
       "      <td>0.358541</td>\n",
       "      <td>0.134633</td>\n",
       "      <td>-0.038005</td>\n",
       "      <td>-0.009841</td>\n",
       "      <td>0.066305</td>\n",
       "      <td>-0.081386</td>\n",
       "      <td>0.991785</td>\n",
       "      <td>1.000000</td>\n",
       "      <td>-0.003669</td>\n",
       "      <td>-0.057619</td>\n",
       "      <td>0.447899</td>\n",
       "      <td>0.323264</td>\n",
       "      <td>0.395234</td>\n",
       "    </tr>\n",
       "    <tr>\n",
       "      <th>hum</th>\n",
       "      <td>-0.013275</td>\n",
       "      <td>0.198937</td>\n",
       "      <td>-0.141319</td>\n",
       "      <td>0.201669</td>\n",
       "      <td>-0.257202</td>\n",
       "      <td>-0.036672</td>\n",
       "      <td>-0.025932</td>\n",
       "      <td>0.022805</td>\n",
       "      <td>0.430378</td>\n",
       "      <td>-0.019289</td>\n",
       "      <td>-0.003669</td>\n",
       "      <td>1.000000</td>\n",
       "      <td>-0.295765</td>\n",
       "      <td>-0.298354</td>\n",
       "      <td>-0.264382</td>\n",
       "      <td>-0.303672</td>\n",
       "    </tr>\n",
       "    <tr>\n",
       "      <th>windspeed</th>\n",
       "      <td>-0.029001</td>\n",
       "      <td>-0.142924</td>\n",
       "      <td>0.067356</td>\n",
       "      <td>-0.147042</td>\n",
       "      <td>0.130441</td>\n",
       "      <td>0.022681</td>\n",
       "      <td>0.008447</td>\n",
       "      <td>-0.002493</td>\n",
       "      <td>0.009195</td>\n",
       "      <td>-0.013984</td>\n",
       "      <td>-0.057619</td>\n",
       "      <td>-0.295765</td>\n",
       "      <td>1.000000</td>\n",
       "      <td>0.067061</td>\n",
       "      <td>0.091642</td>\n",
       "      <td>0.094791</td>\n",
       "    </tr>\n",
       "    <tr>\n",
       "      <th>casual</th>\n",
       "      <td>0.115768</td>\n",
       "      <td>0.119043</td>\n",
       "      <td>0.053371</td>\n",
       "      <td>0.078563</td>\n",
       "      <td>0.285182</td>\n",
       "      <td>0.022140</td>\n",
       "      <td>0.023687</td>\n",
       "      <td>-0.298241</td>\n",
       "      <td>-0.147903</td>\n",
       "      <td>0.450777</td>\n",
       "      <td>0.447899</td>\n",
       "      <td>-0.298354</td>\n",
       "      <td>0.067061</td>\n",
       "      <td>1.000000</td>\n",
       "      <td>0.503185</td>\n",
       "      <td>0.702414</td>\n",
       "    </tr>\n",
       "    <tr>\n",
       "      <th>registered</th>\n",
       "      <td>0.238546</td>\n",
       "      <td>0.093595</td>\n",
       "      <td>0.171910</td>\n",
       "      <td>0.061686</td>\n",
       "      <td>0.381933</td>\n",
       "      <td>-0.044534</td>\n",
       "      <td>0.019179</td>\n",
       "      <td>0.134789</td>\n",
       "      <td>-0.130223</td>\n",
       "      <td>0.322875</td>\n",
       "      <td>0.323264</td>\n",
       "      <td>-0.264382</td>\n",
       "      <td>0.091642</td>\n",
       "      <td>0.503185</td>\n",
       "      <td>1.000000</td>\n",
       "      <td>0.968540</td>\n",
       "    </tr>\n",
       "    <tr>\n",
       "      <th>cnt</th>\n",
       "      <td>0.229814</td>\n",
       "      <td>0.111369</td>\n",
       "      <td>0.156960</td>\n",
       "      <td>0.073431</td>\n",
       "      <td>0.396698</td>\n",
       "      <td>-0.030304</td>\n",
       "      <td>0.022618</td>\n",
       "      <td>0.025132</td>\n",
       "      <td>-0.149848</td>\n",
       "      <td>0.395743</td>\n",
       "      <td>0.395234</td>\n",
       "      <td>-0.303672</td>\n",
       "      <td>0.094791</td>\n",
       "      <td>0.702414</td>\n",
       "      <td>0.968540</td>\n",
       "      <td>1.000000</td>\n",
       "    </tr>\n",
       "  </tbody>\n",
       "</table>\n",
       "</div>"
      ],
      "text/plain": [
       "             instant    season        yr      mnth        hr   holiday  \\\n",
       "instant     1.000000  0.118039  0.777284  0.167195 -0.007446  0.008323   \n",
       "season      0.118039  1.000000 -0.446665  0.865268 -0.007610 -0.008928   \n",
       "yr          0.777284 -0.446665  1.000000 -0.488103 -0.003948  0.001039   \n",
       "mnth        0.167195  0.865268 -0.488103  1.000000 -0.007060  0.009372   \n",
       "hr         -0.007446 -0.007610 -0.003948 -0.007060  1.000000  0.000414   \n",
       "holiday     0.008323 -0.008928  0.001039  0.009372  0.000414  1.000000   \n",
       "weekday     0.007103 -0.003688 -0.002714  0.014500 -0.004037 -0.102503   \n",
       "workingday  0.005295  0.012630  0.001068  0.006441  0.003454 -0.248601   \n",
       "weathersit -0.015359 -0.009029 -0.006309 -0.012239 -0.024003 -0.014707   \n",
       "temp        0.029297  0.410790 -0.198929  0.353330  0.139251 -0.028519   \n",
       "atemp       0.042490  0.413196 -0.190360  0.358541  0.134633 -0.038005   \n",
       "hum        -0.013275  0.198937 -0.141319  0.201669 -0.257202 -0.036672   \n",
       "windspeed  -0.029001 -0.142924  0.067356 -0.147042  0.130441  0.022681   \n",
       "casual      0.115768  0.119043  0.053371  0.078563  0.285182  0.022140   \n",
       "registered  0.238546  0.093595  0.171910  0.061686  0.381933 -0.044534   \n",
       "cnt         0.229814  0.111369  0.156960  0.073431  0.396698 -0.030304   \n",
       "\n",
       "             weekday  workingday  weathersit      temp     atemp       hum  \\\n",
       "instant     0.007103    0.005295   -0.015359  0.029297  0.042490 -0.013275   \n",
       "season     -0.003688    0.012630   -0.009029  0.410790  0.413196  0.198937   \n",
       "yr         -0.002714    0.001068   -0.006309 -0.198929 -0.190360 -0.141319   \n",
       "mnth        0.014500    0.006441   -0.012239  0.353330  0.358541  0.201669   \n",
       "hr         -0.004037    0.003454   -0.024003  0.139251  0.134633 -0.257202   \n",
       "holiday    -0.102503   -0.248601   -0.014707 -0.028519 -0.038005 -0.036672   \n",
       "weekday     1.000000    0.031057    0.017259 -0.010002 -0.009841 -0.025932   \n",
       "workingday  0.031057    1.000000    0.042202  0.062273  0.066305  0.022805   \n",
       "weathersit  0.017259    0.042202    1.000000 -0.080149 -0.081386  0.430378   \n",
       "temp       -0.010002    0.062273   -0.080149  1.000000  0.991785 -0.019289   \n",
       "atemp      -0.009841    0.066305   -0.081386  0.991785  1.000000 -0.003669   \n",
       "hum        -0.025932    0.022805    0.430378 -0.019289 -0.003669  1.000000   \n",
       "windspeed   0.008447   -0.002493    0.009195 -0.013984 -0.057619 -0.295765   \n",
       "casual      0.023687   -0.298241   -0.147903  0.450777  0.447899 -0.298354   \n",
       "registered  0.019179    0.134789   -0.130223  0.322875  0.323264 -0.264382   \n",
       "cnt         0.022618    0.025132   -0.149848  0.395743  0.395234 -0.303672   \n",
       "\n",
       "            windspeed    casual  registered       cnt  \n",
       "instant     -0.029001  0.115768    0.238546  0.229814  \n",
       "season      -0.142924  0.119043    0.093595  0.111369  \n",
       "yr           0.067356  0.053371    0.171910  0.156960  \n",
       "mnth        -0.147042  0.078563    0.061686  0.073431  \n",
       "hr           0.130441  0.285182    0.381933  0.396698  \n",
       "holiday      0.022681  0.022140   -0.044534 -0.030304  \n",
       "weekday      0.008447  0.023687    0.019179  0.022618  \n",
       "workingday  -0.002493 -0.298241    0.134789  0.025132  \n",
       "weathersit   0.009195 -0.147903   -0.130223 -0.149848  \n",
       "temp        -0.013984  0.450777    0.322875  0.395743  \n",
       "atemp       -0.057619  0.447899    0.323264  0.395234  \n",
       "hum         -0.295765 -0.298354   -0.264382 -0.303672  \n",
       "windspeed    1.000000  0.067061    0.091642  0.094791  \n",
       "casual       0.067061  1.000000    0.503185  0.702414  \n",
       "registered   0.091642  0.503185    1.000000  0.968540  \n",
       "cnt          0.094791  0.702414    0.968540  1.000000  "
      ]
     },
     "execution_count": 4,
     "metadata": {},
     "output_type": "execute_result"
    }
   ],
   "source": [
    "df_train.corr()"
   ]
  },
  {
   "cell_type": "markdown",
   "metadata": {},
   "source": [
    "Basicamente lo que hice en las anteriores lineas de codigo fue analizar los datos para ver con cuales trabajare"
   ]
  },
  {
   "cell_type": "code",
   "execution_count": 8,
   "metadata": {},
   "outputs": [],
   "source": [
    "X = df_train[['season','hr','temp','weekday','weathersit','hum','windspeed']]\n",
    "y = df_train['cnt']\n",
    "\n",
    "from sklearn.model_selection import train_test_split\n",
    "\n",
    "X_train, X_test, y_train, y_test = train_test_split(X, y, test_size=0.20, random_state=0)\n",
    "\n",
    "# from sklearn.preprocessing import MinMaxScaler\n",
    "\n",
    "# scaler = MinMaxScaler()\n",
    "# X_scaled_train = scaler.fit_transform(X_train)\n",
    "# X_scaled_test = scaler.fit_transform(X_test)\n",
    "\n",
    "# y_test = y_test.values.reshape(-1, 1)\n",
    "# y_train = y_train.values.reshape(-1, 1)\n",
    "# y_scaled_train = scaler.fit_transform(y_train)\n",
    "# y_scaled_test = scaler.fit_transform(y_test) \n",
    "# y = y.values.reshape(-1, 1)\n",
    "# y_scaled = scaler.fit_transform(y)"
   ]
  },
  {
   "cell_type": "code",
   "execution_count": 6,
   "metadata": {},
   "outputs": [
    {
     "name": "stdout",
     "output_type": "stream",
     "text": [
      "Model: \"sequential_1\"\n",
      "_________________________________________________________________\n",
      " Layer (type)                Output Shape              Param #   \n",
      "=================================================================\n",
      " dense_5 (Dense)             (None, 100)               800       \n",
      "                                                                 \n",
      " dense_6 (Dense)             (None, 75)                7575      \n",
      "                                                                 \n",
      " dense_7 (Dense)             (None, 50)                3800      \n",
      "                                                                 \n",
      " dense_8 (Dense)             (None, 25)                1275      \n",
      "                                                                 \n",
      " dense_9 (Dense)             (None, 1)                 26        \n",
      "                                                                 \n",
      "=================================================================\n",
      "Total params: 13,476\n",
      "Trainable params: 13,476\n",
      "Non-trainable params: 0\n",
      "_________________________________________________________________\n"
     ]
    }
   ],
   "source": [
    "import tensorflow as tf\n",
    "\n",
    "model = tf.keras.Sequential()\n",
    "model.add(tf.keras.layers.Dense(units=100 ,activation='tanh',input_shape=(7, )))\n",
    "model.add(tf.keras.layers.Dense(units=75 ,activation='tanh'))\n",
    "model.add(tf.keras.layers.Dense(units=50 ,activation='tanh'))\n",
    "model.add(tf.keras.layers.Dense(units=25 ,activation='tanh'))\n",
    "model.add(tf.keras.layers.Dense(units=1 ,activation='relu'))\n",
    "\n",
    "model.summary()"
   ]
  },
  {
   "cell_type": "code",
   "execution_count": 9,
   "metadata": {},
   "outputs": [
    {
     "name": "stdout",
     "output_type": "stream",
     "text": [
      "Epoch 1/200\n",
      "120/120 [==============================] - 1s 2ms/step - loss: 45861.1836 - root_mean_squared_error: 214.1522\n",
      "Epoch 2/200\n",
      "120/120 [==============================] - 0s 2ms/step - loss: 44743.2969 - root_mean_squared_error: 211.5261\n",
      "Epoch 3/200\n",
      "120/120 [==============================] - 0s 2ms/step - loss: 43823.7969 - root_mean_squared_error: 209.3413\n",
      "Epoch 4/200\n",
      "120/120 [==============================] - 0s 2ms/step - loss: 42944.3281 - root_mean_squared_error: 207.2301\n",
      "Epoch 5/200\n",
      "120/120 [==============================] - 0s 2ms/step - loss: 42096.7344 - root_mean_squared_error: 205.1749\n",
      "Epoch 6/200\n",
      "120/120 [==============================] - 0s 2ms/step - loss: 41277.5820 - root_mean_squared_error: 203.1689\n",
      "Epoch 7/200\n",
      "120/120 [==============================] - 0s 2ms/step - loss: 40485.9375 - root_mean_squared_error: 201.2112\n",
      "Epoch 8/200\n",
      "120/120 [==============================] - 0s 2ms/step - loss: 39719.5039 - root_mean_squared_error: 199.2975\n",
      "Epoch 9/200\n",
      "120/120 [==============================] - 0s 2ms/step - loss: 38977.9219 - root_mean_squared_error: 197.4283\n",
      "Epoch 10/200\n",
      "120/120 [==============================] - 0s 2ms/step - loss: 38259.7617 - root_mean_squared_error: 195.6010\n",
      "Epoch 11/200\n",
      "120/120 [==============================] - 0s 2ms/step - loss: 37564.4336 - root_mean_squared_error: 193.8155\n",
      "Epoch 12/200\n",
      "120/120 [==============================] - 0s 2ms/step - loss: 36891.7773 - root_mean_squared_error: 192.0723\n",
      "Epoch 13/200\n",
      "120/120 [==============================] - 0s 2ms/step - loss: 36240.2461 - root_mean_squared_error: 190.3687\n",
      "Epoch 14/200\n",
      "120/120 [==============================] - 0s 2ms/step - loss: 35610.0508 - root_mean_squared_error: 188.7063\n",
      "Epoch 15/200\n",
      "120/120 [==============================] - 0s 2ms/step - loss: 34999.7344 - root_mean_squared_error: 187.0822\n",
      "Epoch 16/200\n",
      "120/120 [==============================] - 0s 2ms/step - loss: 34409.9297 - root_mean_squared_error: 185.4991\n",
      "Epoch 17/200\n",
      "120/120 [==============================] - 0s 2ms/step - loss: 33839.7695 - root_mean_squared_error: 183.9559\n",
      "Epoch 18/200\n",
      "120/120 [==============================] - 0s 2ms/step - loss: 33288.6875 - root_mean_squared_error: 182.4519\n",
      "Epoch 19/200\n",
      "120/120 [==============================] - 0s 2ms/step - loss: 32756.1797 - root_mean_squared_error: 180.9867\n",
      "Epoch 20/200\n",
      "120/120 [==============================] - 0s 2ms/step - loss: 32241.6230 - root_mean_squared_error: 179.5595\n",
      "Epoch 21/200\n",
      "120/120 [==============================] - 0s 2ms/step - loss: 31744.8848 - root_mean_squared_error: 178.1709\n",
      "Epoch 22/200\n",
      "120/120 [==============================] - 0s 2ms/step - loss: 31265.6035 - root_mean_squared_error: 176.8208\n",
      "Epoch 23/200\n",
      "120/120 [==============================] - 0s 2ms/step - loss: 30804.0176 - root_mean_squared_error: 175.5107\n",
      "Epoch 24/200\n",
      "120/120 [==============================] - 0s 2ms/step - loss: 30359.0684 - root_mean_squared_error: 174.2385\n",
      "Epoch 25/200\n",
      "120/120 [==============================] - 0s 2ms/step - loss: 29930.4258 - root_mean_squared_error: 173.0041\n",
      "Epoch 26/200\n",
      "120/120 [==============================] - 0s 2ms/step - loss: 29517.8125 - root_mean_squared_error: 171.8075\n",
      "Epoch 27/200\n",
      "120/120 [==============================] - 0s 2ms/step - loss: 28454.9688 - root_mean_squared_error: 168.6860\n",
      "Epoch 28/200\n",
      "120/120 [==============================] - 0s 2ms/step - loss: 27703.3086 - root_mean_squared_error: 166.4431\n",
      "Epoch 29/200\n",
      "120/120 [==============================] - 0s 2ms/step - loss: 27129.3887 - root_mean_squared_error: 164.7100\n",
      "Epoch 30/200\n",
      "120/120 [==============================] - 0s 2ms/step - loss: 26567.2246 - root_mean_squared_error: 162.9946\n",
      "Epoch 31/200\n",
      "120/120 [==============================] - 0s 2ms/step - loss: 26067.5996 - root_mean_squared_error: 161.4546\n",
      "Epoch 32/200\n",
      "120/120 [==============================] - 0s 2ms/step - loss: 25565.2324 - root_mean_squared_error: 159.8913\n",
      "Epoch 33/200\n",
      "120/120 [==============================] - 0s 2ms/step - loss: 25106.0391 - root_mean_squared_error: 158.4489\n",
      "Epoch 34/200\n",
      "120/120 [==============================] - 0s 2ms/step - loss: 24650.6543 - root_mean_squared_error: 157.0053\n",
      "Epoch 35/200\n",
      "120/120 [==============================] - 0s 2ms/step - loss: 24203.0195 - root_mean_squared_error: 155.5732\n",
      "Epoch 36/200\n",
      "120/120 [==============================] - 0s 2ms/step - loss: 23783.9688 - root_mean_squared_error: 154.2205\n",
      "Epoch 37/200\n",
      "120/120 [==============================] - 0s 2ms/step - loss: 23381.3770 - root_mean_squared_error: 152.9097\n",
      "Epoch 38/200\n",
      "120/120 [==============================] - 0s 2ms/step - loss: 22986.7871 - root_mean_squared_error: 151.6139\n",
      "Epoch 39/200\n",
      "120/120 [==============================] - 0s 2ms/step - loss: 22613.9648 - root_mean_squared_error: 150.3794\n",
      "Epoch 40/200\n",
      "120/120 [==============================] - 0s 2ms/step - loss: 22243.4648 - root_mean_squared_error: 149.1424\n",
      "Epoch 41/200\n",
      "120/120 [==============================] - 0s 2ms/step - loss: 21878.7988 - root_mean_squared_error: 147.9148\n",
      "Epoch 42/200\n",
      "120/120 [==============================] - 0s 2ms/step - loss: 21527.6055 - root_mean_squared_error: 146.7229\n",
      "Epoch 43/200\n",
      "120/120 [==============================] - 0s 2ms/step - loss: 21212.7695 - root_mean_squared_error: 145.6460\n",
      "Epoch 44/200\n",
      "120/120 [==============================] - 0s 2ms/step - loss: 20873.5586 - root_mean_squared_error: 144.4768\n",
      "Epoch 45/200\n",
      "120/120 [==============================] - 0s 2ms/step - loss: 20559.3086 - root_mean_squared_error: 143.3852\n",
      "Epoch 46/200\n",
      "120/120 [==============================] - 0s 2ms/step - loss: 20266.0508 - root_mean_squared_error: 142.3589\n",
      "Epoch 47/200\n",
      "120/120 [==============================] - 0s 2ms/step - loss: 19972.8691 - root_mean_squared_error: 141.3254\n",
      "Epoch 48/200\n",
      "120/120 [==============================] - 0s 2ms/step - loss: 19682.0176 - root_mean_squared_error: 140.2926\n",
      "Epoch 49/200\n",
      "120/120 [==============================] - 0s 2ms/step - loss: 19428.9648 - root_mean_squared_error: 139.3878\n",
      "Epoch 50/200\n",
      "120/120 [==============================] - 0s 2ms/step - loss: 19158.0605 - root_mean_squared_error: 138.4126\n",
      "Epoch 51/200\n",
      "120/120 [==============================] - 0s 2ms/step - loss: 18900.2480 - root_mean_squared_error: 137.4782\n",
      "Epoch 52/200\n",
      "120/120 [==============================] - 0s 2ms/step - loss: 18661.9160 - root_mean_squared_error: 136.6086\n",
      "Epoch 53/200\n",
      "120/120 [==============================] - 0s 2ms/step - loss: 18432.0117 - root_mean_squared_error: 135.7645\n",
      "Epoch 54/200\n",
      "120/120 [==============================] - 0s 4ms/step - loss: 18201.7109 - root_mean_squared_error: 134.9137\n",
      "Epoch 55/200\n",
      "120/120 [==============================] - 0s 2ms/step - loss: 17986.3594 - root_mean_squared_error: 134.1132\n",
      "Epoch 56/200\n",
      "120/120 [==============================] - 0s 2ms/step - loss: 17780.0781 - root_mean_squared_error: 133.3420\n",
      "Epoch 57/200\n",
      "120/120 [==============================] - 0s 3ms/step - loss: 17575.4980 - root_mean_squared_error: 132.5726\n",
      "Epoch 58/200\n",
      "120/120 [==============================] - 0s 2ms/step - loss: 17387.7949 - root_mean_squared_error: 131.8628\n",
      "Epoch 59/200\n",
      "120/120 [==============================] - 0s 2ms/step - loss: 17205.4180 - root_mean_squared_error: 131.1694\n",
      "Epoch 60/200\n",
      "120/120 [==============================] - 0s 2ms/step - loss: 17035.9043 - root_mean_squared_error: 130.5217\n",
      "Epoch 61/200\n",
      "120/120 [==============================] - 0s 3ms/step - loss: 16878.6035 - root_mean_squared_error: 129.9177\n",
      "Epoch 62/200\n",
      "120/120 [==============================] - 0s 2ms/step - loss: 16530.7910 - root_mean_squared_error: 128.5721\n",
      "Epoch 63/200\n",
      "120/120 [==============================] - 0s 2ms/step - loss: 15873.0459 - root_mean_squared_error: 125.9883\n",
      "Epoch 64/200\n",
      "120/120 [==============================] - 0s 2ms/step - loss: 15481.6777 - root_mean_squared_error: 124.4254\n",
      "Epoch 65/200\n",
      "120/120 [==============================] - 0s 2ms/step - loss: 15113.6230 - root_mean_squared_error: 122.9375\n",
      "Epoch 66/200\n",
      "120/120 [==============================] - 0s 2ms/step - loss: 14826.6885 - root_mean_squared_error: 121.7649\n",
      "Epoch 67/200\n",
      "120/120 [==============================] - 0s 2ms/step - loss: 14519.5195 - root_mean_squared_error: 120.4970\n",
      "Epoch 68/200\n",
      "120/120 [==============================] - 0s 2ms/step - loss: 14308.4727 - root_mean_squared_error: 119.6180\n",
      "Epoch 69/200\n",
      "120/120 [==============================] - 0s 2ms/step - loss: 14002.5977 - root_mean_squared_error: 118.3326\n",
      "Epoch 70/200\n",
      "120/120 [==============================] - 0s 2ms/step - loss: 13757.7930 - root_mean_squared_error: 117.2936\n",
      "Epoch 71/200\n",
      "120/120 [==============================] - 0s 2ms/step - loss: 13508.4648 - root_mean_squared_error: 116.2259\n",
      "Epoch 72/200\n",
      "120/120 [==============================] - 0s 3ms/step - loss: 13250.4121 - root_mean_squared_error: 115.1104\n",
      "Epoch 73/200\n",
      "120/120 [==============================] - 0s 3ms/step - loss: 12949.4297 - root_mean_squared_error: 113.7956\n",
      "Epoch 74/200\n",
      "120/120 [==============================] - 0s 3ms/step - loss: 12751.7549 - root_mean_squared_error: 112.9237\n",
      "Epoch 75/200\n",
      "120/120 [==============================] - 0s 3ms/step - loss: 12499.0947 - root_mean_squared_error: 111.7993\n",
      "Epoch 76/200\n",
      "120/120 [==============================] - 0s 2ms/step - loss: 12269.3730 - root_mean_squared_error: 110.7672\n",
      "Epoch 77/200\n",
      "120/120 [==============================] - 0s 3ms/step - loss: 12082.9893 - root_mean_squared_error: 109.9227\n",
      "Epoch 78/200\n",
      "120/120 [==============================] - 0s 2ms/step - loss: 11812.2656 - root_mean_squared_error: 108.6842\n",
      "Epoch 79/200\n",
      "120/120 [==============================] - 0s 2ms/step - loss: 11635.5615 - root_mean_squared_error: 107.8683\n",
      "Epoch 80/200\n",
      "120/120 [==============================] - 0s 2ms/step - loss: 11452.6113 - root_mean_squared_error: 107.0169\n",
      "Epoch 81/200\n",
      "120/120 [==============================] - 0s 2ms/step - loss: 11213.3623 - root_mean_squared_error: 105.8932\n",
      "Epoch 82/200\n",
      "120/120 [==============================] - 0s 2ms/step - loss: 11054.3096 - root_mean_squared_error: 105.1395\n",
      "Epoch 83/200\n",
      "120/120 [==============================] - 0s 2ms/step - loss: 10824.1924 - root_mean_squared_error: 104.0394\n",
      "Epoch 84/200\n",
      "120/120 [==============================] - 0s 2ms/step - loss: 10670.7861 - root_mean_squared_error: 103.2995\n",
      "Epoch 85/200\n",
      "120/120 [==============================] - 0s 2ms/step - loss: 10482.7578 - root_mean_squared_error: 102.3853\n",
      "Epoch 86/200\n",
      "120/120 [==============================] - 0s 2ms/step - loss: 10324.0186 - root_mean_squared_error: 101.6072\n",
      "Epoch 87/200\n",
      "120/120 [==============================] - 0s 2ms/step - loss: 10162.7891 - root_mean_squared_error: 100.8107\n",
      "Epoch 88/200\n",
      "120/120 [==============================] - 0s 2ms/step - loss: 9937.1211 - root_mean_squared_error: 99.6851\n",
      "Epoch 89/200\n",
      "120/120 [==============================] - 0s 2ms/step - loss: 9796.4014 - root_mean_squared_error: 98.9768\n",
      "Epoch 90/200\n",
      "120/120 [==============================] - 0s 2ms/step - loss: 9650.5674 - root_mean_squared_error: 98.2373\n",
      "Epoch 91/200\n",
      "120/120 [==============================] - 0s 2ms/step - loss: 9473.4092 - root_mean_squared_error: 97.3314\n",
      "Epoch 92/200\n",
      "120/120 [==============================] - 0s 2ms/step - loss: 9349.1182 - root_mean_squared_error: 96.6908\n",
      "Epoch 93/200\n",
      "120/120 [==============================] - 0s 2ms/step - loss: 9184.0576 - root_mean_squared_error: 95.8335\n",
      "Epoch 94/200\n",
      "120/120 [==============================] - 0s 2ms/step - loss: 9036.0928 - root_mean_squared_error: 95.0584\n",
      "Epoch 95/200\n",
      "120/120 [==============================] - 0s 2ms/step - loss: 8890.7832 - root_mean_squared_error: 94.2910\n",
      "Epoch 96/200\n",
      "120/120 [==============================] - 0s 2ms/step - loss: 8727.2480 - root_mean_squared_error: 93.4197\n",
      "Epoch 97/200\n",
      "120/120 [==============================] - 0s 2ms/step - loss: 8613.8408 - root_mean_squared_error: 92.8108\n",
      "Epoch 98/200\n",
      "120/120 [==============================] - 0s 2ms/step - loss: 8470.5957 - root_mean_squared_error: 92.0358\n",
      "Epoch 99/200\n",
      "120/120 [==============================] - 0s 2ms/step - loss: 8336.4980 - root_mean_squared_error: 91.3044\n",
      "Epoch 100/200\n",
      "120/120 [==============================] - 0s 2ms/step - loss: 8266.8965 - root_mean_squared_error: 90.9225\n",
      "Epoch 101/200\n",
      "120/120 [==============================] - 0s 2ms/step - loss: 8105.7642 - root_mean_squared_error: 90.0320\n",
      "Epoch 102/200\n",
      "120/120 [==============================] - 0s 2ms/step - loss: 7996.0928 - root_mean_squared_error: 89.4209\n",
      "Epoch 103/200\n",
      "120/120 [==============================] - 0s 2ms/step - loss: 7844.7266 - root_mean_squared_error: 88.5705\n",
      "Epoch 104/200\n",
      "120/120 [==============================] - 0s 2ms/step - loss: 7779.4058 - root_mean_squared_error: 88.2009\n",
      "Epoch 105/200\n",
      "120/120 [==============================] - 0s 2ms/step - loss: 7609.5288 - root_mean_squared_error: 87.2326\n",
      "Epoch 106/200\n",
      "120/120 [==============================] - 0s 2ms/step - loss: 7498.2217 - root_mean_squared_error: 86.5923\n",
      "Epoch 107/200\n",
      "120/120 [==============================] - 0s 2ms/step - loss: 7431.2222 - root_mean_squared_error: 86.2045\n",
      "Epoch 108/200\n",
      "120/120 [==============================] - 0s 2ms/step - loss: 7323.7329 - root_mean_squared_error: 85.5788\n",
      "Epoch 109/200\n",
      "120/120 [==============================] - 0s 2ms/step - loss: 7222.3345 - root_mean_squared_error: 84.9843\n",
      "Epoch 110/200\n",
      "120/120 [==============================] - 0s 2ms/step - loss: 7100.6802 - root_mean_squared_error: 84.2655\n",
      "Epoch 111/200\n",
      "120/120 [==============================] - 0s 2ms/step - loss: 6990.7598 - root_mean_squared_error: 83.6108\n",
      "Epoch 112/200\n",
      "120/120 [==============================] - 0s 2ms/step - loss: 6890.8594 - root_mean_squared_error: 83.0112\n",
      "Epoch 113/200\n",
      "120/120 [==============================] - 0s 2ms/step - loss: 6797.6318 - root_mean_squared_error: 82.4478\n",
      "Epoch 114/200\n",
      "120/120 [==============================] - 0s 2ms/step - loss: 6818.4751 - root_mean_squared_error: 82.5741\n",
      "Epoch 115/200\n",
      "120/120 [==============================] - 0s 2ms/step - loss: 6633.5996 - root_mean_squared_error: 81.4469\n",
      "Epoch 116/200\n",
      "120/120 [==============================] - 0s 2ms/step - loss: 6551.4858 - root_mean_squared_error: 80.9412\n",
      "Epoch 117/200\n",
      "120/120 [==============================] - 0s 2ms/step - loss: 6460.1763 - root_mean_squared_error: 80.3752\n",
      "Epoch 118/200\n",
      "120/120 [==============================] - 0s 2ms/step - loss: 6442.3408 - root_mean_squared_error: 80.2642\n",
      "Epoch 119/200\n",
      "120/120 [==============================] - 0s 2ms/step - loss: 6305.1597 - root_mean_squared_error: 79.4050\n",
      "Epoch 120/200\n",
      "120/120 [==============================] - 0s 2ms/step - loss: 6231.0181 - root_mean_squared_error: 78.9368\n",
      "Epoch 121/200\n",
      "120/120 [==============================] - 0s 2ms/step - loss: 6159.1401 - root_mean_squared_error: 78.4802\n",
      "Epoch 122/200\n",
      "120/120 [==============================] - 0s 2ms/step - loss: 6049.5640 - root_mean_squared_error: 77.7789\n",
      "Epoch 123/200\n",
      "120/120 [==============================] - 0s 2ms/step - loss: 6005.1592 - root_mean_squared_error: 77.4930\n",
      "Epoch 124/200\n",
      "120/120 [==============================] - 0s 2ms/step - loss: 5910.3345 - root_mean_squared_error: 76.8787\n",
      "Epoch 125/200\n",
      "120/120 [==============================] - 0s 2ms/step - loss: 5824.0820 - root_mean_squared_error: 76.3157\n",
      "Epoch 126/200\n",
      "120/120 [==============================] - 0s 2ms/step - loss: 5793.4346 - root_mean_squared_error: 76.1146\n",
      "Epoch 127/200\n",
      "120/120 [==============================] - 0s 2ms/step - loss: 5688.1099 - root_mean_squared_error: 75.4196\n",
      "Epoch 128/200\n",
      "120/120 [==============================] - 0s 2ms/step - loss: 5634.8491 - root_mean_squared_error: 75.0656\n",
      "Epoch 129/200\n",
      "120/120 [==============================] - 0s 2ms/step - loss: 5675.7749 - root_mean_squared_error: 75.3377\n",
      "Epoch 130/200\n",
      "120/120 [==============================] - 0s 2ms/step - loss: 5516.7178 - root_mean_squared_error: 74.2746\n",
      "Epoch 131/200\n",
      "120/120 [==============================] - 0s 2ms/step - loss: 5411.9438 - root_mean_squared_error: 73.5659\n",
      "Epoch 132/200\n",
      "120/120 [==============================] - 0s 2ms/step - loss: 5416.9126 - root_mean_squared_error: 73.5997\n",
      "Epoch 133/200\n",
      "120/120 [==============================] - 0s 2ms/step - loss: 5339.2251 - root_mean_squared_error: 73.0700\n",
      "Epoch 134/200\n",
      "120/120 [==============================] - 0s 2ms/step - loss: 5295.9194 - root_mean_squared_error: 72.7731\n",
      "Epoch 135/200\n",
