{
 "cells": [
  {
   "cell_type": "code",
   "execution_count": 1,
   "metadata": {},
   "outputs": [],
   "source": [
    "import numpy as np\n",
    "import pandas as pd "
   ]
  },
  {
   "cell_type": "code",
   "execution_count": 2,
   "metadata": {},
   "outputs": [],
   "source": [
    "df_train = pd.DataFrame(pd.read_excel(\"bike_train.xlsx\"))\n",
    "df_test = pd.DataFrame(pd.read_excel(\"bike_test.xlsx\"))"
   ]
  },
  {
   "cell_type": "code",
   "execution_count": 3,
   "metadata": {},
   "outputs": [
    {
     "data": {
      "text/plain": [
       "count    11999.000000\n",
       "mean       158.594966\n",
       "std        151.392952\n",
       "min          1.000000\n",
       "25%         34.000000\n",
       "50%        118.000000\n",
       "75%        232.000000\n",
       "max        957.000000\n",
       "Name: cnt, dtype: float64"
      ]
     },
     "execution_count": 3,
     "metadata": {},
     "output_type": "execute_result"
    }
   ],
   "source": [
    "df_train['cnt'].describe()"
   ]
  },
  {
   "cell_type": "code",
   "execution_count": 3,
   "metadata": {},
   "outputs": [
    {
     "data": {
      "text/html": [
       "<div>\n",
       "<style scoped>\n",
       "    .dataframe tbody tr th:only-of-type {\n",
       "        vertical-align: middle;\n",
       "    }\n",
       "\n",
       "    .dataframe tbody tr th {\n",
       "        vertical-align: top;\n",
       "    }\n",
       "\n",
       "    .dataframe thead th {\n",
       "        text-align: right;\n",
       "    }\n",
       "</style>\n",
       "<table border=\"1\" class=\"dataframe\">\n",
       "  <thead>\n",
       "    <tr style=\"text-align: right;\">\n",
       "      <th></th>\n",
       "      <th>instant</th>\n",
       "      <th>season</th>\n",
       "      <th>yr</th>\n",
       "      <th>mnth</th>\n",
       "      <th>hr</th>\n",
       "      <th>holiday</th>\n",
       "      <th>weekday</th>\n",
       "      <th>workingday</th>\n",
       "      <th>weathersit</th>\n",
       "      <th>temp</th>\n",
       "      <th>atemp</th>\n",
       "      <th>hum</th>\n",
       "      <th>windspeed</th>\n",
       "      <th>casual</th>\n",
       "      <th>registered</th>\n",
       "      <th>cnt</th>\n",
       "    </tr>\n",
       "  </thead>\n",
       "  <tbody>\n",
       "    <tr>\n",
       "      <th>instant</th>\n",
       "      <td>1.000000</td>\n",
       "      <td>0.118039</td>\n",
       "      <td>0.777284</td>\n",
       "      <td>0.167195</td>\n",
       "      <td>-0.007446</td>\n",
       "      <td>0.008323</td>\n",
       "      <td>0.007103</td>\n",
       "      <td>0.005295</td>\n",
       "      <td>-0.015359</td>\n",
       "      <td>0.029297</td>\n",
       "      <td>0.042490</td>\n",
       "      <td>-0.013275</td>\n",
       "      <td>-0.029001</td>\n",
       "      <td>0.115768</td>\n",
       "      <td>0.238546</td>\n",
       "      <td>0.229814</td>\n",
       "    </tr>\n",
       "    <tr>\n",
       "      <th>season</th>\n",
       "      <td>0.118039</td>\n",
       "      <td>1.000000</td>\n",
       "      <td>-0.446665</td>\n",
       "      <td>0.865268</td>\n",
       "      <td>-0.007610</td>\n",
       "      <td>-0.008928</td>\n",
       "      <td>-0.003688</td>\n",
       "      <td>0.012630</td>\n",
       "      <td>-0.009029</td>\n",
       "      <td>0.410790</td>\n",
       "      <td>0.413196</td>\n",
       "      <td>0.198937</td>\n",
       "      <td>-0.142924</td>\n",
       "      <td>0.119043</td>\n",
       "      <td>0.093595</td>\n",
       "      <td>0.111369</td>\n",
       "    </tr>\n",
       "    <tr>\n",
       "      <th>yr</th>\n",
       "      <td>0.777284</td>\n",
       "      <td>-0.446665</td>\n",
       "      <td>1.000000</td>\n",
       "      <td>-0.488103</td>\n",
       "      <td>-0.003948</td>\n",
       "      <td>0.001039</td>\n",
       "      <td>-0.002714</td>\n",
       "      <td>0.001068</td>\n",
       "      <td>-0.006309</td>\n",
       "      <td>-0.198929</td>\n",
       "      <td>-0.190360</td>\n",
       "      <td>-0.141319</td>\n",
       "      <td>0.067356</td>\n",
       "      <td>0.053371</td>\n",
       "      <td>0.171910</td>\n",
       "      <td>0.156960</td>\n",
       "    </tr>\n",
       "    <tr>\n",
       "      <th>mnth</th>\n",
       "      <td>0.167195</td>\n",
       "      <td>0.865268</td>\n",
       "      <td>-0.488103</td>\n",
       "      <td>1.000000</td>\n",
       "      <td>-0.007060</td>\n",
       "      <td>0.009372</td>\n",
       "      <td>0.014500</td>\n",
       "      <td>0.006441</td>\n",
       "      <td>-0.012239</td>\n",
       "      <td>0.353330</td>\n",
       "      <td>0.358541</td>\n",
       "      <td>0.201669</td>\n",
       "      <td>-0.147042</td>\n",
       "      <td>0.078563</td>\n",
       "      <td>0.061686</td>\n",
       "      <td>0.073431</td>\n",
       "    </tr>\n",
       "    <tr>\n",
       "      <th>hr</th>\n",
       "      <td>-0.007446</td>\n",
       "      <td>-0.007610</td>\n",
       "      <td>-0.003948</td>\n",
       "      <td>-0.007060</td>\n",
       "      <td>1.000000</td>\n",
       "      <td>0.000414</td>\n",
       "      <td>-0.004037</td>\n",
       "      <td>0.003454</td>\n",
       "      <td>-0.024003</td>\n",
       "      <td>0.139251</td>\n",
       "      <td>0.134633</td>\n",
       "      <td>-0.257202</td>\n",
       "      <td>0.130441</td>\n",
       "      <td>0.285182</td>\n",
       "      <td>0.381933</td>\n",
       "      <td>0.396698</td>\n",
       "    </tr>\n",
       "    <tr>\n",
       "      <th>holiday</th>\n",
       "      <td>0.008323</td>\n",
       "      <td>-0.008928</td>\n",
       "      <td>0.001039</td>\n",
       "      <td>0.009372</td>\n",
       "      <td>0.000414</td>\n",
       "      <td>1.000000</td>\n",
       "      <td>-0.102503</td>\n",
       "      <td>-0.248601</td>\n",
       "      <td>-0.014707</td>\n",
       "      <td>-0.028519</td>\n",
       "      <td>-0.038005</td>\n",
       "      <td>-0.036672</td>\n",
       "      <td>0.022681</td>\n",
       "      <td>0.022140</td>\n",
       "      <td>-0.044534</td>\n",
       "      <td>-0.030304</td>\n",
       "    </tr>\n",
       "    <tr>\n",
       "      <th>weekday</th>\n",
       "      <td>0.007103</td>\n",
       "      <td>-0.003688</td>\n",
       "      <td>-0.002714</td>\n",
       "      <td>0.014500</td>\n",
       "      <td>-0.004037</td>\n",
       "      <td>-0.102503</td>\n",
       "      <td>1.000000</td>\n",
       "      <td>0.031057</td>\n",
       "      <td>0.017259</td>\n",
       "      <td>-0.010002</td>\n",
       "      <td>-0.009841</td>\n",
       "      <td>-0.025932</td>\n",
       "      <td>0.008447</td>\n",
       "      <td>0.023687</td>\n",
       "      <td>0.019179</td>\n",
       "      <td>0.022618</td>\n",
       "    </tr>\n",
       "    <tr>\n",
       "      <th>workingday</th>\n",
       "      <td>0.005295</td>\n",
       "      <td>0.012630</td>\n",
       "      <td>0.001068</td>\n",
       "      <td>0.006441</td>\n",
       "      <td>0.003454</td>\n",
       "      <td>-0.248601</td>\n",
       "      <td>0.031057</td>\n",
       "      <td>1.000000</td>\n",
       "      <td>0.042202</td>\n",
       "      <td>0.062273</td>\n",
       "      <td>0.066305</td>\n",
       "      <td>0.022805</td>\n",
       "      <td>-0.002493</td>\n",
       "      <td>-0.298241</td>\n",
       "      <td>0.134789</td>\n",
       "      <td>0.025132</td>\n",
       "    </tr>\n",
       "    <tr>\n",
       "      <th>weathersit</th>\n",
       "      <td>-0.015359</td>\n",
       "      <td>-0.009029</td>\n",
       "      <td>-0.006309</td>\n",
       "      <td>-0.012239</td>\n",
       "      <td>-0.024003</td>\n",
       "      <td>-0.014707</td>\n",
       "      <td>0.017259</td>\n",
       "      <td>0.042202</td>\n",
       "      <td>1.000000</td>\n",
       "      <td>-0.080149</td>\n",
       "      <td>-0.081386</td>\n",
       "      <td>0.430378</td>\n",
       "      <td>0.009195</td>\n",
       "      <td>-0.147903</td>\n",
       "      <td>-0.130223</td>\n",
       "      <td>-0.149848</td>\n",
       "    </tr>\n",
       "    <tr>\n",
       "      <th>temp</th>\n",
       "      <td>0.029297</td>\n",
       "      <td>0.410790</td>\n",
       "      <td>-0.198929</td>\n",
       "      <td>0.353330</td>\n",
       "      <td>0.139251</td>\n",
       "      <td>-0.028519</td>\n",
       "      <td>-0.010002</td>\n",
       "      <td>0.062273</td>\n",
       "      <td>-0.080149</td>\n",
       "      <td>1.000000</td>\n",
       "      <td>0.991785</td>\n",
       "      <td>-0.019289</td>\n",
       "      <td>-0.013984</td>\n",
       "      <td>0.450777</td>\n",
       "      <td>0.322875</td>\n",
       "      <td>0.395743</td>\n",
       "    </tr>\n",
       "    <tr>\n",
       "      <th>atemp</th>\n",
       "      <td>0.042490</td>\n",
       "      <td>0.413196</td>\n",
       "      <td>-0.190360</td>\n",
       "      <td>0.358541</td>\n",
       "      <td>0.134633</td>\n",
       "      <td>-0.038005</td>\n",
       "      <td>-0.009841</td>\n",
       "      <td>0.066305</td>\n",
       "      <td>-0.081386</td>\n",
       "      <td>0.991785</td>\n",
       "      <td>1.000000</td>\n",
       "      <td>-0.003669</td>\n",
       "      <td>-0.057619</td>\n",
       "      <td>0.447899</td>\n",
       "      <td>0.323264</td>\n",
       "      <td>0.395234</td>\n",
       "    </tr>\n",
       "    <tr>\n",
       "      <th>hum</th>\n",
       "      <td>-0.013275</td>\n",
       "      <td>0.198937</td>\n",
       "      <td>-0.141319</td>\n",
       "      <td>0.201669</td>\n",
       "      <td>-0.257202</td>\n",
       "      <td>-0.036672</td>\n",
       "      <td>-0.025932</td>\n",
       "      <td>0.022805</td>\n",
       "      <td>0.430378</td>\n",
       "      <td>-0.019289</td>\n",
       "      <td>-0.003669</td>\n",
       "      <td>1.000000</td>\n",
       "      <td>-0.295765</td>\n",
       "      <td>-0.298354</td>\n",
       "      <td>-0.264382</td>\n",
       "      <td>-0.303672</td>\n",
       "    </tr>\n",
       "    <tr>\n",
       "      <th>windspeed</th>\n",
       "      <td>-0.029001</td>\n",
       "      <td>-0.142924</td>\n",
       "      <td>0.067356</td>\n",
       "      <td>-0.147042</td>\n",
       "      <td>0.130441</td>\n",
       "      <td>0.022681</td>\n",
       "      <td>0.008447</td>\n",
       "      <td>-0.002493</td>\n",
       "      <td>0.009195</td>\n",
       "      <td>-0.013984</td>\n",
       "      <td>-0.057619</td>\n",
       "      <td>-0.295765</td>\n",
       "      <td>1.000000</td>\n",
       "      <td>0.067061</td>\n",
       "      <td>0.091642</td>\n",
       "      <td>0.094791</td>\n",
       "    </tr>\n",
       "    <tr>\n",
       "      <th>casual</th>\n",
       "      <td>0.115768</td>\n",
       "      <td>0.119043</td>\n",
       "      <td>0.053371</td>\n",
       "      <td>0.078563</td>\n",
       "      <td>0.285182</td>\n",
       "      <td>0.022140</td>\n",
       "      <td>0.023687</td>\n",
       "      <td>-0.298241</td>\n",
       "      <td>-0.147903</td>\n",
       "      <td>0.450777</td>\n",
       "      <td>0.447899</td>\n",
       "      <td>-0.298354</td>\n",
       "      <td>0.067061</td>\n",
       "      <td>1.000000</td>\n",
       "      <td>0.503185</td>\n",
       "      <td>0.702414</td>\n",
       "    </tr>\n",
       "    <tr>\n",
       "      <th>registered</th>\n",
       "      <td>0.238546</td>\n",
       "      <td>0.093595</td>\n",
       "      <td>0.171910</td>\n",
       "      <td>0.061686</td>\n",
       "      <td>0.381933</td>\n",
       "      <td>-0.044534</td>\n",
       "      <td>0.019179</td>\n",
       "      <td>0.134789</td>\n",
       "      <td>-0.130223</td>\n",
       "      <td>0.322875</td>\n",
       "      <td>0.323264</td>\n",
       "      <td>-0.264382</td>\n",
       "      <td>0.091642</td>\n",
       "      <td>0.503185</td>\n",
       "      <td>1.000000</td>\n",
       "      <td>0.968540</td>\n",
       "    </tr>\n",
       "    <tr>\n",
       "      <th>cnt</th>\n",
       "      <td>0.229814</td>\n",
       "      <td>0.111369</td>\n",
       "      <td>0.156960</td>\n",
       "      <td>0.073431</td>\n",
       "      <td>0.396698</td>\n",
       "      <td>-0.030304</td>\n",
       "      <td>0.022618</td>\n",
       "      <td>0.025132</td>\n",
       "      <td>-0.149848</td>\n",
       "      <td>0.395743</td>\n",
       "      <td>0.395234</td>\n",
       "      <td>-0.303672</td>\n",
       "      <td>0.094791</td>\n",
       "      <td>0.702414</td>\n",
       "      <td>0.968540</td>\n",
       "      <td>1.000000</td>\n",
       "    </tr>\n",
       "  </tbody>\n",
       "</table>\n",
       "</div>"
      ],
      "text/plain": [
       "             instant    season        yr      mnth        hr   holiday  \\\n",
       "instant     1.000000  0.118039  0.777284  0.167195 -0.007446  0.008323   \n",
       "season      0.118039  1.000000 -0.446665  0.865268 -0.007610 -0.008928   \n",
       "yr          0.777284 -0.446665  1.000000 -0.488103 -0.003948  0.001039   \n",
       "mnth        0.167195  0.865268 -0.488103  1.000000 -0.007060  0.009372   \n",
       "hr         -0.007446 -0.007610 -0.003948 -0.007060  1.000000  0.000414   \n",
       "holiday     0.008323 -0.008928  0.001039  0.009372  0.000414  1.000000   \n",
       "weekday     0.007103 -0.003688 -0.002714  0.014500 -0.004037 -0.102503   \n",
       "workingday  0.005295  0.012630  0.001068  0.006441  0.003454 -0.248601   \n",
       "weathersit -0.015359 -0.009029 -0.006309 -0.012239 -0.024003 -0.014707   \n",
       "temp        0.029297  0.410790 -0.198929  0.353330  0.139251 -0.028519   \n",
       "atemp       0.042490  0.413196 -0.190360  0.358541  0.134633 -0.038005   \n",
       "hum        -0.013275  0.198937 -0.141319  0.201669 -0.257202 -0.036672   \n",
       "windspeed  -0.029001 -0.142924  0.067356 -0.147042  0.130441  0.022681   \n",
       "casual      0.115768  0.119043  0.053371  0.078563  0.285182  0.022140   \n",
       "registered  0.238546  0.093595  0.171910  0.061686  0.381933 -0.044534   \n",
       "cnt         0.229814  0.111369  0.156960  0.073431  0.396698 -0.030304   \n",
       "\n",
       "             weekday  workingday  weathersit      temp     atemp       hum  \\\n",
       "instant     0.007103    0.005295   -0.015359  0.029297  0.042490 -0.013275   \n",
       "season     -0.003688    0.012630   -0.009029  0.410790  0.413196  0.198937   \n",
       "yr         -0.002714    0.001068   -0.006309 -0.198929 -0.190360 -0.141319   \n",
       "mnth        0.014500    0.006441   -0.012239  0.353330  0.358541  0.201669   \n",
       "hr         -0.004037    0.003454   -0.024003  0.139251  0.134633 -0.257202   \n",
       "holiday    -0.102503   -0.248601   -0.014707 -0.028519 -0.038005 -0.036672   \n",
       "weekday     1.000000    0.031057    0.017259 -0.010002 -0.009841 -0.025932   \n",
       "workingday  0.031057    1.000000    0.042202  0.062273  0.066305  0.022805   \n",
       "weathersit  0.017259    0.042202    1.000000 -0.080149 -0.081386  0.430378   \n",
       "temp       -0.010002    0.062273   -0.080149  1.000000  0.991785 -0.019289   \n",
       "atemp      -0.009841    0.066305   -0.081386  0.991785  1.000000 -0.003669   \n",
       "hum        -0.025932    0.022805    0.430378 -0.019289 -0.003669  1.000000   \n",
       "windspeed   0.008447   -0.002493    0.009195 -0.013984 -0.057619 -0.295765   \n",
       "casual      0.023687   -0.298241   -0.147903  0.450777  0.447899 -0.298354   \n",
       "registered  0.019179    0.134789   -0.130223  0.322875  0.323264 -0.264382   \n",
       "cnt         0.022618    0.025132   -0.149848  0.395743  0.395234 -0.303672   \n",
       "\n",
       "            windspeed    casual  registered       cnt  \n",
       "instant     -0.029001  0.115768    0.238546  0.229814  \n",
       "season      -0.142924  0.119043    0.093595  0.111369  \n",
       "yr           0.067356  0.053371    0.171910  0.156960  \n",
       "mnth        -0.147042  0.078563    0.061686  0.073431  \n",
       "hr           0.130441  0.285182    0.381933  0.396698  \n",
       "holiday      0.022681  0.022140   -0.044534 -0.030304  \n",
       "weekday      0.008447  0.023687    0.019179  0.022618  \n",
       "workingday  -0.002493 -0.298241    0.134789  0.025132  \n",
       "weathersit   0.009195 -0.147903   -0.130223 -0.149848  \n",
       "temp        -0.013984  0.450777    0.322875  0.395743  \n",
       "atemp       -0.057619  0.447899    0.323264  0.395234  \n",
       "hum         -0.295765 -0.298354   -0.264382 -0.303672  \n",
       "windspeed    1.000000  0.067061    0.091642  0.094791  \n",
       "casual       0.067061  1.000000    0.503185  0.702414  \n",
       "registered   0.091642  0.503185    1.000000  0.968540  \n",
       "cnt          0.094791  0.702414    0.968540  1.000000  "
      ]
     },
     "execution_count": 3,
     "metadata": {},
     "output_type": "execute_result"
    }
   ],
   "source": [
    "df_train.corr()"
   ]
  },
  {
   "cell_type": "markdown",
   "metadata": {},
   "source": [
    "Basicamente lo que hice en las anteriores lineas de codigo fue analizar los datos para ver con cuales trabajare"
   ]
  },
  {
   "cell_type": "code",
   "execution_count": 4,
   "metadata": {},
   "outputs": [],
   "source": [
    "X = df_train[['season','hr','temp','weekday','weathersit','hum','windspeed']]\n",
    "y = df_train['cnt']\n",
    "\n",
    "from sklearn.model_selection import train_test_split\n",
    "\n",
    "X_train, X_test, y_train, y_test = train_test_split(X, y, test_size=0.20, random_state=0)\n",
    "\n",
    "# from sklearn.preprocessing import MinMaxScaler\n",
    "\n",
    "# scaler = MinMaxScaler()\n",
    "# X_scaled_train = scaler.fit_transform(X_train)\n",
    "# X_scaled_test = scaler.fit_transform(X_test)\n",
    "\n",
    "# y_test = y_test.values.reshape(-1, 1)\n",
    "# y_train = y_train.values.reshape(-1, 1)\n",
    "# y_scaled_train = scaler.fit_transform(y_train)\n",
    "# y_scaled_test = scaler.fit_transform(y_test) \n",
    "# y = y.values.reshape(-1, 1)\n",
    "# y_scaled = scaler.fit_transform(y)"
   ]
  },
  {
   "cell_type": "code",
   "execution_count": 99,
   "metadata": {},
   "outputs": [
    {
     "name": "stdout",
     "output_type": "stream",
     "text": [
      "Model: \"sequential_20\"\n",
      "_________________________________________________________________\n",
      " Layer (type)                Output Shape              Param #   \n",
      "=================================================================\n",
      " dense_94 (Dense)            (None, 100)               800       \n",
      "                                                                 \n",
      " dense_95 (Dense)            (None, 100)               10100     \n",
      "                                                                 \n",
      " dense_96 (Dense)            (None, 100)               10100     \n",
      "                                                                 \n",
      " dense_97 (Dense)            (None, 100)               10100     \n",
      "                                                                 \n",
      " dense_98 (Dense)            (None, 1)                 101       \n",
      "                                                                 \n",
      "=================================================================\n",
      "Total params: 31,201\n",
      "Trainable params: 31,201\n",
      "Non-trainable params: 0\n",
      "_________________________________________________________________\n"
     ]
    }
   ],
   "source": [
    "import tensorflow as tf\n",
    "\n",
    "model = tf.keras.Sequential()\n",
    "model.add(tf.keras.layers.Dense(units=100 ,activation='relu',input_shape=(7, )))\n",
    "model.add(tf.keras.layers.Dense(units=100 ,activation='relu'))\n",
    "model.add(tf.keras.layers.Dense(units=100 ,activation='relu'))\n",
    "model.add(tf.keras.layers.Dense(units=100 ,activation='relu'))\n",
    "model.add(tf.keras.layers.Dense(units=1 ,activation='linear'))\n",
    "\n",
    "model.summary()"
   ]
  },
  {
   "cell_type": "code",
   "execution_count": 100,
   "metadata": {},
   "outputs": [
    {
     "name": "stdout",
     "output_type": "stream",
     "text": [
      "Epoch 1/100\n",
      "120/120 [==============================] - 1s 2ms/step - loss: 24610.2852 - root_mean_squared_error: 156.8767\n",
      "Epoch 2/100\n",
      "120/120 [==============================] - 0s 2ms/step - loss: 17662.5879 - root_mean_squared_error: 132.9007\n",
      "Epoch 3/100\n",
      "120/120 [==============================] - 0s 2ms/step - loss: 15699.0439 - root_mean_squared_error: 125.2958\n",
      "Epoch 4/100\n",
      "120/120 [==============================] - 0s 2ms/step - loss: 13992.3408 - root_mean_squared_error: 118.2892\n",
      "Epoch 5/100\n",
      "120/120 [==============================] - 0s 2ms/step - loss: 12665.7939 - root_mean_squared_error: 112.5424\n",
      "Epoch 6/100\n",
      "120/120 [==============================] - 0s 2ms/step - loss: 12099.7354 - root_mean_squared_error: 109.9988\n",
      "Epoch 7/100\n",
      "120/120 [==============================] - 0s 2ms/step - loss: 11518.4795 - root_mean_squared_error: 107.3242\n",
      "Epoch 8/100\n",
      "120/120 [==============================] - 0s 2ms/step - loss: 11269.7607 - root_mean_squared_error: 106.1591\n",
      "Epoch 9/100\n",
      "120/120 [==============================] - 0s 2ms/step - loss: 10825.6982 - root_mean_squared_error: 104.0466\n",
      "Epoch 10/100\n",
      "120/120 [==============================] - 0s 2ms/step - loss: 10586.6182 - root_mean_squared_error: 102.8913\n",
      "Epoch 11/100\n",
      "120/120 [==============================] - 0s 2ms/step - loss: 10377.9863 - root_mean_squared_error: 101.8724\n",
      "Epoch 12/100\n",
      "120/120 [==============================] - 0s 2ms/step - loss: 10219.2686 - root_mean_squared_error: 101.0904\n",
      "Epoch 13/100\n",
      "120/120 [==============================] - 0s 2ms/step - loss: 9916.6172 - root_mean_squared_error: 99.5822\n",
      "Epoch 14/100\n",
      "120/120 [==============================] - 0s 2ms/step - loss: 9598.9004 - root_mean_squared_error: 97.9740\n",
      "Epoch 15/100\n",
      "120/120 [==============================] - 0s 2ms/step - loss: 9296.9092 - root_mean_squared_error: 96.4205\n",
      "Epoch 16/100\n",
      "120/120 [==============================] - 0s 2ms/step - loss: 9125.5781 - root_mean_squared_error: 95.5279\n",
      "Epoch 17/100\n",
      "120/120 [==============================] - 0s 2ms/step - loss: 8816.3271 - root_mean_squared_error: 93.8953\n",
      "Epoch 18/100\n",
      "120/120 [==============================] - 0s 2ms/step - loss: 8539.4346 - root_mean_squared_error: 92.4091\n",
      "Epoch 19/100\n",
      "120/120 [==============================] - 0s 2ms/step - loss: 8165.0322 - root_mean_squared_error: 90.3606\n",
      "Epoch 20/100\n",
      "120/120 [==============================] - 0s 2ms/step - loss: 8055.3940 - root_mean_squared_error: 89.7518\n",
      "Epoch 21/100\n",
      "120/120 [==============================] - 0s 2ms/step - loss: 7694.0107 - root_mean_squared_error: 87.7155\n",
      "Epoch 22/100\n",
      "120/120 [==============================] - 0s 2ms/step - loss: 7230.2881 - root_mean_squared_error: 85.0311\n",
      "Epoch 23/100\n",
      "120/120 [==============================] - 0s 2ms/step - loss: 6968.3906 - root_mean_squared_error: 83.4769\n",
      "Epoch 24/100\n",
      "120/120 [==============================] - 0s 2ms/step - loss: 6781.7632 - root_mean_squared_error: 82.3515\n",
      "Epoch 25/100\n",
      "120/120 [==============================] - 0s 2ms/step - loss: 6388.7109 - root_mean_squared_error: 79.9294\n",
      "Epoch 26/100\n",
      "120/120 [==============================] - 0s 2ms/step - loss: 6402.3340 - root_mean_squared_error: 80.0146\n",
      "Epoch 27/100\n",
      "120/120 [==============================] - 0s 2ms/step - loss: 6062.2197 - root_mean_squared_error: 77.8603\n",
      "Epoch 28/100\n",
      "120/120 [==============================] - 0s 2ms/step - loss: 5917.1289 - root_mean_squared_error: 76.9229\n",
      "Epoch 29/100\n",
      "120/120 [==============================] - 0s 2ms/step - loss: 5571.7227 - root_mean_squared_error: 74.6440\n",
      "Epoch 30/100\n",
      "120/120 [==============================] - 0s 2ms/step - loss: 5459.4722 - root_mean_squared_error: 73.8882\n",
      "Epoch 31/100\n",
      "120/120 [==============================] - 0s 2ms/step - loss: 5351.5425 - root_mean_squared_error: 73.1542\n",
      "Epoch 32/100\n",
      "120/120 [==============================] - 0s 2ms/step - loss: 5120.5376 - root_mean_squared_error: 71.5579\n",
      "Epoch 33/100\n",
      "120/120 [==============================] - 0s 2ms/step - loss: 5001.3906 - root_mean_squared_error: 70.7205\n",
      "Epoch 34/100\n",
      "120/120 [==============================] - 0s 2ms/step - loss: 4750.1821 - root_mean_squared_error: 68.9216\n",
      "Epoch 35/100\n",
      "120/120 [==============================] - 0s 2ms/step - loss: 4874.6982 - root_mean_squared_error: 69.8190\n",
      "Epoch 36/100\n",
      "120/120 [==============================] - 0s 3ms/step - loss: 4786.1504 - root_mean_squared_error: 69.1820\n",
      "Epoch 37/100\n",
      "120/120 [==============================] - 0s 3ms/step - loss: 4536.9443 - root_mean_squared_error: 67.3568\n",
      "Epoch 38/100\n",
      "120/120 [==============================] - 0s 3ms/step - loss: 4523.2241 - root_mean_squared_error: 67.2549\n",
      "Epoch 39/100\n",
      "120/120 [==============================] - 0s 2ms/step - loss: 4369.2612 - root_mean_squared_error: 66.1004\n",
      "Epoch 40/100\n",
      "120/120 [==============================] - 0s 2ms/step - loss: 4409.0220 - root_mean_squared_error: 66.4005\n",
      "Epoch 41/100\n",
      "120/120 [==============================] - 0s 2ms/step - loss: 4351.4028 - root_mean_squared_error: 65.9652\n",
      "Epoch 42/100\n",
      "120/120 [==============================] - 0s 2ms/step - loss: 4324.4297 - root_mean_squared_error: 65.7604\n",
      "Epoch 43/100\n",
      "120/120 [==============================] - 0s 2ms/step - loss: 4289.8091 - root_mean_squared_error: 65.4966\n",
      "Epoch 44/100\n",
      "120/120 [==============================] - 0s 3ms/step - loss: 4249.3359 - root_mean_squared_error: 65.1869\n",
      "Epoch 45/100\n",
      "120/120 [==============================] - 0s 2ms/step - loss: 4185.3711 - root_mean_squared_error: 64.6944\n",
      "Epoch 46/100\n",
      "120/120 [==============================] - 0s 2ms/step - loss: 4153.4658 - root_mean_squared_error: 64.4474\n",
      "Epoch 47/100\n",
      "120/120 [==============================] - 0s 3ms/step - loss: 4186.7642 - root_mean_squared_error: 64.7052\n",
      "Epoch 48/100\n",
      "120/120 [==============================] - 0s 2ms/step - loss: 4040.2693 - root_mean_squared_error: 63.5631\n",
      "Epoch 49/100\n",
      "120/120 [==============================] - 0s 2ms/step - loss: 4021.7798 - root_mean_squared_error: 63.4175\n",
      "Epoch 50/100\n",
      "120/120 [==============================] - 0s 2ms/step - loss: 4007.7539 - root_mean_squared_error: 63.3068\n",
      "Epoch 51/100\n",
      "120/120 [==============================] - 0s 3ms/step - loss: 3885.7114 - root_mean_squared_error: 62.3355\n",
      "Epoch 52/100\n",
      "120/120 [==============================] - 0s 2ms/step - loss: 3924.1709 - root_mean_squared_error: 62.6432\n",
      "Epoch 53/100\n",
      "120/120 [==============================] - 0s 2ms/step - loss: 3810.0898 - root_mean_squared_error: 61.7259\n",
      "Epoch 54/100\n",
      "120/120 [==============================] - 0s 2ms/step - loss: 3830.7822 - root_mean_squared_error: 61.8933\n",
      "Epoch 55/100\n",
      "120/120 [==============================] - 0s 2ms/step - loss: 3704.8037 - root_mean_squared_error: 60.8671\n",
      "Epoch 56/100\n",
      "120/120 [==============================] - 0s 3ms/step - loss: 3796.2236 - root_mean_squared_error: 61.6135\n",
      "Epoch 57/100\n",
      "120/120 [==============================] - 0s 2ms/step - loss: 3939.3152 - root_mean_squared_error: 62.7640\n",
      "Epoch 58/100\n",
      "120/120 [==============================] - 0s 2ms/step - loss: 3704.4734 - root_mean_squared_error: 60.8644\n",
      "Epoch 59/100\n",
      "120/120 [==============================] - 0s 2ms/step - loss: 3596.5393 - root_mean_squared_error: 59.9712\n",
      "Epoch 60/100\n",
      "120/120 [==============================] - 0s 2ms/step - loss: 3769.9399 - root_mean_squared_error: 61.3998\n",
      "Epoch 61/100\n",
      "120/120 [==============================] - 0s 2ms/step - loss: 3575.8284 - root_mean_squared_error: 59.7982\n",
      "Epoch 62/100\n",
      "120/120 [==============================] - 0s 2ms/step - loss: 3768.2031 - root_mean_squared_error: 61.3857\n",
      "Epoch 63/100\n",
      "120/120 [==============================] - 0s 2ms/step - loss: 3805.2651 - root_mean_squared_error: 61.6868\n",
      "Epoch 64/100\n",
      "120/120 [==============================] - 0s 2ms/step - loss: 3589.2461 - root_mean_squared_error: 59.9103\n",
      "Epoch 65/100\n",
      "120/120 [==============================] - 0s 2ms/step - loss: 3648.3970 - root_mean_squared_error: 60.4020\n",
      "Epoch 66/100\n",
      "120/120 [==============================] - 0s 2ms/step - loss: 3507.1355 - root_mean_squared_error: 59.2211\n",
      "Epoch 67/100\n",
      "120/120 [==============================] - 0s 2ms/step - loss: 3484.1426 - root_mean_squared_error: 59.0266\n",
      "Epoch 68/100\n",
      "120/120 [==============================] - 0s 2ms/step - loss: 3430.5159 - root_mean_squared_error: 58.5706\n",
      "Epoch 69/100\n",
      "120/120 [==============================] - 0s 2ms/step - loss: 3535.1140 - root_mean_squared_error: 59.4568\n",
      "Epoch 70/100\n",
      "120/120 [==============================] - 0s 2ms/step - loss: 3472.5452 - root_mean_squared_error: 58.9283\n",
      "Epoch 71/100\n",
      "120/120 [==============================] - 0s 2ms/step - loss: 3482.4429 - root_mean_squared_error: 59.0122\n",
      "Epoch 72/100\n",
      "120/120 [==============================] - 0s 2ms/step - loss: 3558.9226 - root_mean_squared_error: 59.6567\n",
      "Epoch 73/100\n",
      "120/120 [==============================] - 0s 2ms/step - loss: 3472.6421 - root_mean_squared_error: 58.9291\n",
      "Epoch 74/100\n",
      "120/120 [==============================] - 0s 2ms/step - loss: 3376.4006 - root_mean_squared_error: 58.1068\n",
      "Epoch 75/100\n",
      "120/120 [==============================] - 0s 2ms/step - loss: 3459.9116 - root_mean_squared_error: 58.8210\n",
      "Epoch 76/100\n",
      "120/120 [==============================] - 0s 2ms/step - loss: 3367.5674 - root_mean_squared_error: 58.0307\n",
      "Epoch 77/100\n",
      "120/120 [==============================] - 0s 2ms/step - loss: 3414.5298 - root_mean_squared_error: 58.4340\n",
      "Epoch 78/100\n",
      "120/120 [==============================] - 0s 2ms/step - loss: 3396.5278 - root_mean_squared_error: 58.2797\n",
      "Epoch 79/100\n",
      "120/120 [==============================] - 0s 2ms/step - loss: 3300.8538 - root_mean_squared_error: 57.4531\n",
      "Epoch 80/100\n",
      "120/120 [==============================] - 0s 2ms/step - loss: 3362.4490 - root_mean_squared_error: 57.9866\n",
      "Epoch 81/100\n",
      "120/120 [==============================] - 0s 2ms/step - loss: 3331.6143 - root_mean_squared_error: 57.7201\n",
      "Epoch 82/100\n",
      "120/120 [==============================] - 0s 2ms/step - loss: 3422.7583 - root_mean_squared_error: 58.5043\n",
      "Epoch 83/100\n",
      "120/120 [==============================] - 0s 2ms/step - loss: 3162.7673 - root_mean_squared_error: 56.2385\n",
      "Epoch 84/100\n",
      "120/120 [==============================] - 0s 2ms/step - loss: 3331.3130 - root_mean_squared_error: 57.7175\n",
      "Epoch 85/100\n",
      "120/120 [==============================] - 0s 2ms/step - loss: 3245.7764 - root_mean_squared_error: 56.9717\n",
      "Epoch 86/100\n",
      "120/120 [==============================] - 0s 2ms/step - loss: 3247.2776 - root_mean_squared_error: 56.9849\n",
      "Epoch 87/100\n",
      "120/120 [==============================] - 0s 2ms/step - loss: 3179.0115 - root_mean_squared_error: 56.3827\n",
      "Epoch 88/100\n",
      "120/120 [==============================] - 0s 2ms/step - loss: 3199.5347 - root_mean_squared_error: 56.5644\n",
      "Epoch 89/100\n",
      "120/120 [==============================] - 0s 2ms/step - loss: 3090.7822 - root_mean_squared_error: 55.5948\n",
      "Epoch 90/100\n",
      "120/120 [==============================] - 0s 2ms/step - loss: 3132.0481 - root_mean_squared_error: 55.9647\n",
      "Epoch 91/100\n",
      "120/120 [==============================] - 0s 2ms/step - loss: 3272.2063 - root_mean_squared_error: 57.2032\n",
      "Epoch 92/100\n",
      "120/120 [==============================] - 0s 2ms/step - loss: 3140.5708 - root_mean_squared_error: 56.0408\n",
      "Epoch 93/100\n",
      "120/120 [==============================] - 0s 2ms/step - loss: 3175.0916 - root_mean_squared_error: 56.3479\n",
      "Epoch 94/100\n",
      "120/120 [==============================] - 0s 2ms/step - loss: 3100.7937 - root_mean_squared_error: 55.6848\n",
      "Epoch 95/100\n",
      "120/120 [==============================] - 0s 2ms/step - loss: 3224.3777 - root_mean_squared_error: 56.7836\n",
      "Epoch 96/100\n",
      "120/120 [==============================] - 0s 2ms/step - loss: 3133.5505 - root_mean_squared_error: 55.9781\n",
      "Epoch 97/100\n",
      "120/120 [==============================] - 0s 2ms/step - loss: 3349.6860 - root_mean_squared_error: 57.8765\n",
      "Epoch 98/100\n",
      "120/120 [==============================] - 0s 2ms/step - loss: 3246.4495 - root_mean_squared_error: 56.9776\n",
      "Epoch 99/100\n",
      "120/120 [==============================] - 0s 2ms/step - loss: 3189.1140 - root_mean_squared_error: 56.4722\n",
      "Epoch 100/100\n",
      "120/120 [==============================] - 0s 2ms/step - loss: 3098.7686 - root_mean_squared_error: 55.6666\n",
      "Epoch 1/100\n",
      "240/240 [==============================] - 0s 2ms/step - loss: 3753.7595 - root_mean_squared_error: 61.2679\n",
      "Epoch 2/100\n",
      "240/240 [==============================] - 0s 2ms/step - loss: 3508.9058 - root_mean_squared_error: 59.2360\n",
      "Epoch 3/100\n",
      "240/240 [==============================] - 0s 2ms/step - loss: 3487.0894 - root_mean_squared_error: 59.0516\n",
      "Epoch 4/100\n",
      "240/240 [==============================] - 0s 2ms/step - loss: 3554.7378 - root_mean_squared_error: 59.6216\n",
      "Epoch 5/100\n",
      "240/240 [==============================] - 0s 2ms/step - loss: 3428.4578 - root_mean_squared_error: 58.5530\n",
      "Epoch 6/100\n",
      "240/240 [==============================] - 0s 2ms/step - loss: 3436.7944 - root_mean_squared_error: 58.6242\n",
      "Epoch 7/100\n",
      "240/240 [==============================] - 0s 2ms/step - loss: 3311.3696 - root_mean_squared_error: 57.5445\n",
      "Epoch 8/100\n",
      "240/240 [==============================] - 0s 2ms/step - loss: 3133.1001 - root_mean_squared_error: 55.9741\n",
      "Epoch 9/100\n",
      "240/240 [==============================] - 0s 2ms/step - loss: 3337.4998 - root_mean_squared_error: 57.7711\n",
      "Epoch 10/100\n",
      "240/240 [==============================] - 0s 2ms/step - loss: 3307.0642 - root_mean_squared_error: 57.5071\n",
      "Epoch 11/100\n",
      "240/240 [==============================] - 0s 2ms/step - loss: 3279.0530 - root_mean_squared_error: 57.2630\n",
      "Epoch 12/100\n",
      "240/240 [==============================] - 0s 2ms/step - loss: 3457.9919 - root_mean_squared_error: 58.8047\n",
      "Epoch 13/100\n",
      "240/240 [==============================] - 0s 2ms/step - loss: 3268.0645 - root_mean_squared_error: 57.1670\n",
      "Epoch 14/100\n",
      "240/240 [==============================] - 0s 2ms/step - loss: 3159.0522 - root_mean_squared_error: 56.2054\n",
      "Epoch 15/100\n",
      "240/240 [==============================] - 0s 2ms/step - loss: 3275.9116 - root_mean_squared_error: 57.2356\n",
      "Epoch 16/100\n",
      "240/240 [==============================] - 0s 2ms/step - loss: 3183.6724 - root_mean_squared_error: 56.4240\n",
      "Epoch 17/100\n",
      "240/240 [==============================] - 0s 2ms/step - loss: 3333.9287 - root_mean_squared_error: 57.7402\n",
      "Epoch 18/100\n",
      "240/240 [==============================] - 0s 2ms/step - loss: 3159.2129 - root_mean_squared_error: 56.2069\n",
      "Epoch 19/100\n",
      "240/240 [==============================] - 0s 2ms/step - loss: 3217.7827 - root_mean_squared_error: 56.7255\n",
      "Epoch 20/100\n",
      "240/240 [==============================] - 0s 2ms/step - loss: 3218.3699 - root_mean_squared_error: 56.7307\n",
      "Epoch 21/100\n",
      "240/240 [==============================] - 0s 2ms/step - loss: 3245.8298 - root_mean_squared_error: 56.9722\n",
      "Epoch 22/100\n",
      "240/240 [==============================] - 0s 2ms/step - loss: 3216.1777 - root_mean_squared_error: 56.7114\n",
      "Epoch 23/100\n",
      "240/240 [==============================] - 0s 2ms/step - loss: 3165.9783 - root_mean_squared_error: 56.2670\n",
      "Epoch 24/100\n",
      "240/240 [==============================] - 0s 2ms/step - loss: 3212.3501 - root_mean_squared_error: 56.6776\n",
      "Epoch 25/100\n",
      "240/240 [==============================] - 0s 2ms/step - loss: 3293.9729 - root_mean_squared_error: 57.3931\n",
      "Epoch 26/100\n",
      "240/240 [==============================] - 0s 2ms/step - loss: 3163.3022 - root_mean_squared_error: 56.2432\n",
      "Epoch 27/100\n",
      "240/240 [==============================] - 0s 2ms/step - loss: 3015.7786 - root_mean_squared_error: 54.9161\n",
      "Epoch 28/100\n",
      "240/240 [==============================] - 0s 2ms/step - loss: 3293.4978 - root_mean_squared_error: 57.3890\n",
      "Epoch 29/100\n",
      "240/240 [==============================] - 0s 2ms/step - loss: 3004.5188 - root_mean_squared_error: 54.8135\n",
      "Epoch 30/100\n",
      "240/240 [==============================] - 0s 2ms/step - loss: 3111.4263 - root_mean_squared_error: 55.7802\n",
      "Epoch 31/100\n",
      "240/240 [==============================] - 0s 2ms/step - loss: 3150.2275 - root_mean_squared_error: 56.1269\n",
      "Epoch 32/100\n",
      "240/240 [==============================] - 1s 2ms/step - loss: 3051.2356 - root_mean_squared_error: 55.2380\n",
      "Epoch 33/100\n",
      "240/240 [==============================] - 1s 3ms/step - loss: 3078.6809 - root_mean_squared_error: 55.4859\n",
      "Epoch 34/100\n",
      "240/240 [==============================] - 1s 3ms/step - loss: 3042.9019 - root_mean_squared_error: 55.1625\n",
      "Epoch 35/100\n",
      "240/240 [==============================] - 1s 3ms/step - loss: 2991.3340 - root_mean_squared_error: 54.6931\n",
      "Epoch 36/100\n",
