{
 "cells": [
  {
   "cell_type": "code",
   "execution_count": 1,
   "metadata": {},
   "outputs": [],
   "source": [
    "import numpy as np\n",
    "import pandas as pd "
   ]
  },
  {
   "cell_type": "code",
   "execution_count": 227,
   "metadata": {},
   "outputs": [],
   "source": [
    "df_train = pd.DataFrame(pd.read_excel(\"bike_train.xlsx\"))\n",
    "df_test = pd.DataFrame(pd.read_excel(\"bike_test.xlsx\"))"
   ]
  },
  {
   "cell_type": "code",
   "execution_count": 3,
   "metadata": {},
   "outputs": [
    {
     "data": {
      "text/plain": [
       "count    11999.000000\n",
       "mean       158.594966\n",
       "std        151.392952\n",
       "min          1.000000\n",
       "25%         34.000000\n",
       "50%        118.000000\n",
       "75%        232.000000\n",
       "max        957.000000\n",
       "Name: cnt, dtype: float64"
      ]
     },
     "execution_count": 3,
     "metadata": {},
     "output_type": "execute_result"
    }
   ],
   "source": [
    "df_train['cnt'].describe()"
   ]
  },
  {
   "cell_type": "code",
   "execution_count": 3,
   "metadata": {},
   "outputs": [
    {
     "data": {
      "text/html": [
       "<div>\n",
       "<style scoped>\n",
       "    .dataframe tbody tr th:only-of-type {\n",
       "        vertical-align: middle;\n",
       "    }\n",
       "\n",
       "    .dataframe tbody tr th {\n",
       "        vertical-align: top;\n",
       "    }\n",
       "\n",
       "    .dataframe thead th {\n",
       "        text-align: right;\n",
       "    }\n",
       "</style>\n",
       "<table border=\"1\" class=\"dataframe\">\n",
       "  <thead>\n",
       "    <tr style=\"text-align: right;\">\n",
       "      <th></th>\n",
       "      <th>instant</th>\n",
       "      <th>season</th>\n",
       "      <th>yr</th>\n",
       "      <th>mnth</th>\n",
       "      <th>hr</th>\n",
       "      <th>holiday</th>\n",
       "      <th>weekday</th>\n",
       "      <th>workingday</th>\n",
       "      <th>weathersit</th>\n",
       "      <th>temp</th>\n",
       "      <th>atemp</th>\n",
       "      <th>hum</th>\n",
       "      <th>windspeed</th>\n",
       "      <th>casual</th>\n",
       "      <th>registered</th>\n",
       "      <th>cnt</th>\n",
       "    </tr>\n",
       "  </thead>\n",
       "  <tbody>\n",
       "    <tr>\n",
       "      <th>instant</th>\n",
       "      <td>1.000000</td>\n",
       "      <td>0.118039</td>\n",
       "      <td>0.777284</td>\n",
       "      <td>0.167195</td>\n",
       "      <td>-0.007446</td>\n",
       "      <td>0.008323</td>\n",
       "      <td>0.007103</td>\n",
       "      <td>0.005295</td>\n",
       "      <td>-0.015359</td>\n",
       "      <td>0.029297</td>\n",
       "      <td>0.042490</td>\n",
       "      <td>-0.013275</td>\n",
       "      <td>-0.029001</td>\n",
       "      <td>0.115768</td>\n",
       "      <td>0.238546</td>\n",
       "      <td>0.229814</td>\n",
       "    </tr>\n",
       "    <tr>\n",
       "      <th>season</th>\n",
       "      <td>0.118039</td>\n",
       "      <td>1.000000</td>\n",
       "      <td>-0.446665</td>\n",
       "      <td>0.865268</td>\n",
       "      <td>-0.007610</td>\n",
       "      <td>-0.008928</td>\n",
       "      <td>-0.003688</td>\n",
       "      <td>0.012630</td>\n",
       "      <td>-0.009029</td>\n",
       "      <td>0.410790</td>\n",
       "      <td>0.413196</td>\n",
       "      <td>0.198937</td>\n",
       "      <td>-0.142924</td>\n",
       "      <td>0.119043</td>\n",
       "      <td>0.093595</td>\n",
       "      <td>0.111369</td>\n",
       "    </tr>\n",
       "    <tr>\n",
       "      <th>yr</th>\n",
       "      <td>0.777284</td>\n",
       "      <td>-0.446665</td>\n",
       "      <td>1.000000</td>\n",
       "      <td>-0.488103</td>\n",
       "      <td>-0.003948</td>\n",
       "      <td>0.001039</td>\n",
       "      <td>-0.002714</td>\n",
       "      <td>0.001068</td>\n",
       "      <td>-0.006309</td>\n",
       "      <td>-0.198929</td>\n",
       "      <td>-0.190360</td>\n",
       "      <td>-0.141319</td>\n",
       "      <td>0.067356</td>\n",
       "      <td>0.053371</td>\n",
       "      <td>0.171910</td>\n",
       "      <td>0.156960</td>\n",
       "    </tr>\n",
       "    <tr>\n",
       "      <th>mnth</th>\n",
       "      <td>0.167195</td>\n",
       "      <td>0.865268</td>\n",
       "      <td>-0.488103</td>\n",
       "      <td>1.000000</td>\n",
       "      <td>-0.007060</td>\n",
       "      <td>0.009372</td>\n",
       "      <td>0.014500</td>\n",
       "      <td>0.006441</td>\n",
       "      <td>-0.012239</td>\n",
       "      <td>0.353330</td>\n",
       "      <td>0.358541</td>\n",
       "      <td>0.201669</td>\n",
       "      <td>-0.147042</td>\n",
       "      <td>0.078563</td>\n",
       "      <td>0.061686</td>\n",
       "      <td>0.073431</td>\n",
       "    </tr>\n",
       "    <tr>\n",
       "      <th>hr</th>\n",
       "      <td>-0.007446</td>\n",
       "      <td>-0.007610</td>\n",
       "      <td>-0.003948</td>\n",
       "      <td>-0.007060</td>\n",
       "      <td>1.000000</td>\n",
       "      <td>0.000414</td>\n",
       "      <td>-0.004037</td>\n",
       "      <td>0.003454</td>\n",
       "      <td>-0.024003</td>\n",
       "      <td>0.139251</td>\n",
       "      <td>0.134633</td>\n",
       "      <td>-0.257202</td>\n",
       "      <td>0.130441</td>\n",
       "      <td>0.285182</td>\n",
       "      <td>0.381933</td>\n",
       "      <td>0.396698</td>\n",
       "    </tr>\n",
       "    <tr>\n",
       "      <th>holiday</th>\n",
       "      <td>0.008323</td>\n",
       "      <td>-0.008928</td>\n",
       "      <td>0.001039</td>\n",
       "      <td>0.009372</td>\n",
       "      <td>0.000414</td>\n",
       "      <td>1.000000</td>\n",
       "      <td>-0.102503</td>\n",
       "      <td>-0.248601</td>\n",
       "      <td>-0.014707</td>\n",
       "      <td>-0.028519</td>\n",
       "      <td>-0.038005</td>\n",
       "      <td>-0.036672</td>\n",
       "      <td>0.022681</td>\n",
       "      <td>0.022140</td>\n",
       "      <td>-0.044534</td>\n",
       "      <td>-0.030304</td>\n",
       "    </tr>\n",
       "    <tr>\n",
       "      <th>weekday</th>\n",
       "      <td>0.007103</td>\n",
       "      <td>-0.003688</td>\n",
       "      <td>-0.002714</td>\n",
       "      <td>0.014500</td>\n",
       "      <td>-0.004037</td>\n",
       "      <td>-0.102503</td>\n",
       "      <td>1.000000</td>\n",
       "      <td>0.031057</td>\n",
       "      <td>0.017259</td>\n",
       "      <td>-0.010002</td>\n",
       "      <td>-0.009841</td>\n",
       "      <td>-0.025932</td>\n",
       "      <td>0.008447</td>\n",
       "      <td>0.023687</td>\n",
       "      <td>0.019179</td>\n",
       "      <td>0.022618</td>\n",
       "    </tr>\n",
       "    <tr>\n",
       "      <th>workingday</th>\n",
       "      <td>0.005295</td>\n",
       "      <td>0.012630</td>\n",
       "      <td>0.001068</td>\n",
       "      <td>0.006441</td>\n",
       "      <td>0.003454</td>\n",
       "      <td>-0.248601</td>\n",
       "      <td>0.031057</td>\n",
       "      <td>1.000000</td>\n",
       "      <td>0.042202</td>\n",
       "      <td>0.062273</td>\n",
       "      <td>0.066305</td>\n",
       "      <td>0.022805</td>\n",
       "      <td>-0.002493</td>\n",
       "      <td>-0.298241</td>\n",
       "      <td>0.134789</td>\n",
       "      <td>0.025132</td>\n",
       "    </tr>\n",
       "    <tr>\n",
       "      <th>weathersit</th>\n",
       "      <td>-0.015359</td>\n",
       "      <td>-0.009029</td>\n",
       "      <td>-0.006309</td>\n",
       "      <td>-0.012239</td>\n",
       "      <td>-0.024003</td>\n",
       "      <td>-0.014707</td>\n",
       "      <td>0.017259</td>\n",
       "      <td>0.042202</td>\n",
       "      <td>1.000000</td>\n",
       "      <td>-0.080149</td>\n",
       "      <td>-0.081386</td>\n",
       "      <td>0.430378</td>\n",
       "      <td>0.009195</td>\n",
       "      <td>-0.147903</td>\n",
       "      <td>-0.130223</td>\n",
       "      <td>-0.149848</td>\n",
       "    </tr>\n",
       "    <tr>\n",
       "      <th>temp</th>\n",
       "      <td>0.029297</td>\n",
       "      <td>0.410790</td>\n",
       "      <td>-0.198929</td>\n",
       "      <td>0.353330</td>\n",
       "      <td>0.139251</td>\n",
       "      <td>-0.028519</td>\n",
       "      <td>-0.010002</td>\n",
       "      <td>0.062273</td>\n",
       "      <td>-0.080149</td>\n",
       "      <td>1.000000</td>\n",
       "      <td>0.991785</td>\n",
       "      <td>-0.019289</td>\n",
       "      <td>-0.013984</td>\n",
       "      <td>0.450777</td>\n",
       "      <td>0.322875</td>\n",
       "      <td>0.395743</td>\n",
       "    </tr>\n",
       "    <tr>\n",
       "      <th>atemp</th>\n",
       "      <td>0.042490</td>\n",
       "      <td>0.413196</td>\n",
       "      <td>-0.190360</td>\n",
       "      <td>0.358541</td>\n",
       "      <td>0.134633</td>\n",
       "      <td>-0.038005</td>\n",
       "      <td>-0.009841</td>\n",
       "      <td>0.066305</td>\n",
       "      <td>-0.081386</td>\n",
       "      <td>0.991785</td>\n",
       "      <td>1.000000</td>\n",
       "      <td>-0.003669</td>\n",
       "      <td>-0.057619</td>\n",
       "      <td>0.447899</td>\n",
       "      <td>0.323264</td>\n",
       "      <td>0.395234</td>\n",
       "    </tr>\n",
       "    <tr>\n",
       "      <th>hum</th>\n",
       "      <td>-0.013275</td>\n",
       "      <td>0.198937</td>\n",
       "      <td>-0.141319</td>\n",
       "      <td>0.201669</td>\n",
       "      <td>-0.257202</td>\n",
       "      <td>-0.036672</td>\n",
       "      <td>-0.025932</td>\n",
       "      <td>0.022805</td>\n",
       "      <td>0.430378</td>\n",
       "      <td>-0.019289</td>\n",
       "      <td>-0.003669</td>\n",
       "      <td>1.000000</td>\n",
       "      <td>-0.295765</td>\n",
       "      <td>-0.298354</td>\n",
       "      <td>-0.264382</td>\n",
       "      <td>-0.303672</td>\n",
       "    </tr>\n",
       "    <tr>\n",
       "      <th>windspeed</th>\n",
       "      <td>-0.029001</td>\n",
       "      <td>-0.142924</td>\n",
       "      <td>0.067356</td>\n",
       "      <td>-0.147042</td>\n",
       "      <td>0.130441</td>\n",
       "      <td>0.022681</td>\n",
       "      <td>0.008447</td>\n",
       "      <td>-0.002493</td>\n",
       "      <td>0.009195</td>\n",
       "      <td>-0.013984</td>\n",
       "      <td>-0.057619</td>\n",
       "      <td>-0.295765</td>\n",
       "      <td>1.000000</td>\n",
       "      <td>0.067061</td>\n",
       "      <td>0.091642</td>\n",
       "      <td>0.094791</td>\n",
       "    </tr>\n",
       "    <tr>\n",
       "      <th>casual</th>\n",
       "      <td>0.115768</td>\n",
       "      <td>0.119043</td>\n",
       "      <td>0.053371</td>\n",
       "      <td>0.078563</td>\n",
       "      <td>0.285182</td>\n",
       "      <td>0.022140</td>\n",
       "      <td>0.023687</td>\n",
       "      <td>-0.298241</td>\n",
       "      <td>-0.147903</td>\n",
       "      <td>0.450777</td>\n",
       "      <td>0.447899</td>\n",
       "      <td>-0.298354</td>\n",
       "      <td>0.067061</td>\n",
       "      <td>1.000000</td>\n",
       "      <td>0.503185</td>\n",
       "      <td>0.702414</td>\n",
       "    </tr>\n",
       "    <tr>\n",
       "      <th>registered</th>\n",
       "      <td>0.238546</td>\n",
       "      <td>0.093595</td>\n",
       "      <td>0.171910</td>\n",
       "      <td>0.061686</td>\n",
       "      <td>0.381933</td>\n",
       "      <td>-0.044534</td>\n",
       "      <td>0.019179</td>\n",
       "      <td>0.134789</td>\n",
       "      <td>-0.130223</td>\n",
       "      <td>0.322875</td>\n",
       "      <td>0.323264</td>\n",
       "      <td>-0.264382</td>\n",
       "      <td>0.091642</td>\n",
       "      <td>0.503185</td>\n",
       "      <td>1.000000</td>\n",
       "      <td>0.968540</td>\n",
       "    </tr>\n",
       "    <tr>\n",
       "      <th>cnt</th>\n",
       "      <td>0.229814</td>\n",
       "      <td>0.111369</td>\n",
       "      <td>0.156960</td>\n",
       "      <td>0.073431</td>\n",
       "      <td>0.396698</td>\n",
       "      <td>-0.030304</td>\n",
       "      <td>0.022618</td>\n",
       "      <td>0.025132</td>\n",
       "      <td>-0.149848</td>\n",
       "      <td>0.395743</td>\n",
       "      <td>0.395234</td>\n",
       "      <td>-0.303672</td>\n",
       "      <td>0.094791</td>\n",
       "      <td>0.702414</td>\n",
       "      <td>0.968540</td>\n",
       "      <td>1.000000</td>\n",
       "    </tr>\n",
       "  </tbody>\n",
       "</table>\n",
       "</div>"
      ],
      "text/plain": [
       "             instant    season        yr      mnth        hr   holiday  \\\n",
       "instant     1.000000  0.118039  0.777284  0.167195 -0.007446  0.008323   \n",
       "season      0.118039  1.000000 -0.446665  0.865268 -0.007610 -0.008928   \n",
       "yr          0.777284 -0.446665  1.000000 -0.488103 -0.003948  0.001039   \n",
       "mnth        0.167195  0.865268 -0.488103  1.000000 -0.007060  0.009372   \n",
       "hr         -0.007446 -0.007610 -0.003948 -0.007060  1.000000  0.000414   \n",
       "holiday     0.008323 -0.008928  0.001039  0.009372  0.000414  1.000000   \n",
       "weekday     0.007103 -0.003688 -0.002714  0.014500 -0.004037 -0.102503   \n",
       "workingday  0.005295  0.012630  0.001068  0.006441  0.003454 -0.248601   \n",
       "weathersit -0.015359 -0.009029 -0.006309 -0.012239 -0.024003 -0.014707   \n",
       "temp        0.029297  0.410790 -0.198929  0.353330  0.139251 -0.028519   \n",
       "atemp       0.042490  0.413196 -0.190360  0.358541  0.134633 -0.038005   \n",
       "hum        -0.013275  0.198937 -0.141319  0.201669 -0.257202 -0.036672   \n",
       "windspeed  -0.029001 -0.142924  0.067356 -0.147042  0.130441  0.022681   \n",
       "casual      0.115768  0.119043  0.053371  0.078563  0.285182  0.022140   \n",
       "registered  0.238546  0.093595  0.171910  0.061686  0.381933 -0.044534   \n",
       "cnt         0.229814  0.111369  0.156960  0.073431  0.396698 -0.030304   \n",
       "\n",
       "             weekday  workingday  weathersit      temp     atemp       hum  \\\n",
       "instant     0.007103    0.005295   -0.015359  0.029297  0.042490 -0.013275   \n",
       "season     -0.003688    0.012630   -0.009029  0.410790  0.413196  0.198937   \n",
       "yr         -0.002714    0.001068   -0.006309 -0.198929 -0.190360 -0.141319   \n",
       "mnth        0.014500    0.006441   -0.012239  0.353330  0.358541  0.201669   \n",
       "hr         -0.004037    0.003454   -0.024003  0.139251  0.134633 -0.257202   \n",
       "holiday    -0.102503   -0.248601   -0.014707 -0.028519 -0.038005 -0.036672   \n",
       "weekday     1.000000    0.031057    0.017259 -0.010002 -0.009841 -0.025932   \n",
       "workingday  0.031057    1.000000    0.042202  0.062273  0.066305  0.022805   \n",
       "weathersit  0.017259    0.042202    1.000000 -0.080149 -0.081386  0.430378   \n",
       "temp       -0.010002    0.062273   -0.080149  1.000000  0.991785 -0.019289   \n",
       "atemp      -0.009841    0.066305   -0.081386  0.991785  1.000000 -0.003669   \n",
       "hum        -0.025932    0.022805    0.430378 -0.019289 -0.003669  1.000000   \n",
       "windspeed   0.008447   -0.002493    0.009195 -0.013984 -0.057619 -0.295765   \n",
       "casual      0.023687   -0.298241   -0.147903  0.450777  0.447899 -0.298354   \n",
       "registered  0.019179    0.134789   -0.130223  0.322875  0.323264 -0.264382   \n",
       "cnt         0.022618    0.025132   -0.149848  0.395743  0.395234 -0.303672   \n",
       "\n",
       "            windspeed    casual  registered       cnt  \n",
       "instant     -0.029001  0.115768    0.238546  0.229814  \n",
       "season      -0.142924  0.119043    0.093595  0.111369  \n",
       "yr           0.067356  0.053371    0.171910  0.156960  \n",
       "mnth        -0.147042  0.078563    0.061686  0.073431  \n",
       "hr           0.130441  0.285182    0.381933  0.396698  \n",
       "holiday      0.022681  0.022140   -0.044534 -0.030304  \n",
       "weekday      0.008447  0.023687    0.019179  0.022618  \n",
       "workingday  -0.002493 -0.298241    0.134789  0.025132  \n",
       "weathersit   0.009195 -0.147903   -0.130223 -0.149848  \n",
       "temp        -0.013984  0.450777    0.322875  0.395743  \n",
       "atemp       -0.057619  0.447899    0.323264  0.395234  \n",
       "hum         -0.295765 -0.298354   -0.264382 -0.303672  \n",
       "windspeed    1.000000  0.067061    0.091642  0.094791  \n",
       "casual       0.067061  1.000000    0.503185  0.702414  \n",
       "registered   0.091642  0.503185    1.000000  0.968540  \n",
       "cnt          0.094791  0.702414    0.968540  1.000000  "
      ]
     },
     "execution_count": 3,
     "metadata": {},
     "output_type": "execute_result"
    }
   ],
   "source": [
    "df_train.corr()"
   ]
  },
  {
   "cell_type": "markdown",
   "metadata": {},
   "source": [
    "Basicamente lo que hice en las anteriores lineas de codigo fue analizar los datos para ver con cuales trabajare"
   ]
  },
  {
   "cell_type": "code",
   "execution_count": 175,
   "metadata": {},
   "outputs": [],
   "source": [
    "X = df_train.drop(['instant','dteday','mnth','holiday','weathersit','casual','registered','cnt'],axis=1)\n",
    "y = df_train['cnt']\n",
    "\n",
    "from sklearn.model_selection import train_test_split\n",
    "\n",
    "X_train, X_test, y_train, y_test = train_test_split(X, y, test_size=0.20, random_state=0)\n"
   ]
  },
  {
   "cell_type": "code",
   "execution_count": 121,
   "metadata": {},
   "outputs": [
    {
     "data": {
      "text/plain": [
       "(11999, 9)"
      ]
     },
     "execution_count": 121,
     "metadata": {},
     "output_type": "execute_result"
    }
   ],
   "source": [
    "X.shape"
   ]
  },
  {
   "cell_type": "code",
   "execution_count": 216,
   "metadata": {},
   "outputs": [
    {
     "name": "stdout",
     "output_type": "stream",
     "text": [
      "Model: \"sequential_44\"\n",
      "_________________________________________________________________\n",
      " Layer (type)                Output Shape              Param #   \n",
      "=================================================================\n",
      " dense_226 (Dense)           (None, 50)                500       \n",
      "                                                                 \n",
      " dense_227 (Dense)           (None, 50)                2550      \n",
      "                                                                 \n",
      " dense_228 (Dense)           (None, 50)                2550      \n",
      "                                                                 \n",
      " dense_229 (Dense)           (None, 50)                2550      \n",
      "                                                                 \n",
      " dense_230 (Dense)           (None, 1)                 51        \n",
      "                                                                 \n",
      "=================================================================\n",
      "Total params: 8,201\n",
      "Trainable params: 8,201\n",
      "Non-trainable params: 0\n",
      "_________________________________________________________________\n"
     ]
    }
   ],
   "source": [
    "from sklearn.model_selection import train_test_split\n",
    "\n",
    "X_train, X_test, y_train, y_test = train_test_split(X, y, test_size=0.20, random_state=0)\n",
    "\n",
    "\n",
    "import tensorflow as tf\n",
    "\n",
    "model = tf.keras.Sequential()\n",
    "model.add(tf.keras.layers.Dense(units=50 ,activation='relu',input_shape=(9, )))\n",
    "model.add(tf.keras.layers.Dense(units=50 ,activation='relu'))\n",
    "model.add(tf.keras.layers.Dense(units=50 ,activation='relu'))\n",
    "model.add(tf.keras.layers.Dense(units=50 ,activation='relu'))\n",
    "model.add(tf.keras.layers.Dense(units=1 ,activation='linear'))\n",
    "model.summary()"
   ]
  },
  {
   "cell_type": "code",
   "execution_count": 218,
   "metadata": {},
   "outputs": [
    {
     "name": "stdout",
     "output_type": "stream",
     "text": [
      "Epoch 1/128\n",
      "150/150 [==============================] - 1s 2ms/step - loss: 27295.0293 - root_mean_squared_error: 165.2121\n",
      "Epoch 2/128\n",
      "150/150 [==============================] - 0s 2ms/step - loss: 17644.5137 - root_mean_squared_error: 132.8327\n",
      "Epoch 3/128\n",
      "150/150 [==============================] - 0s 2ms/step - loss: 15211.3848 - root_mean_squared_error: 123.3344\n",
      "Epoch 4/128\n",
      "150/150 [==============================] - 0s 1ms/step - loss: 12443.4951 - root_mean_squared_error: 111.5504\n",
      "Epoch 5/128\n",
      "150/150 [==============================] - 0s 2ms/step - loss: 10866.6406 - root_mean_squared_error: 104.2432\n",
      "Epoch 6/128\n",
      "150/150 [==============================] - 0s 2ms/step - loss: 10206.2266 - root_mean_squared_error: 101.0259\n",
      "Epoch 7/128\n",
      "150/150 [==============================] - 0s 2ms/step - loss: 9881.0498 - root_mean_squared_error: 99.4035\n",
      "Epoch 8/128\n",
      "150/150 [==============================] - 0s 2ms/step - loss: 9691.4941 - root_mean_squared_error: 98.4454\n",
      "Epoch 9/128\n",
      "150/150 [==============================] - 0s 2ms/step - loss: 9409.6943 - root_mean_squared_error: 97.0036\n",
      "Epoch 10/128\n",
      "150/150 [==============================] - 0s 2ms/step - loss: 9303.2334 - root_mean_squared_error: 96.4533\n",
      "Epoch 11/128\n",
      "150/150 [==============================] - 0s 2ms/step - loss: 9098.7324 - root_mean_squared_error: 95.3873\n",
      "Epoch 12/128\n",
      "150/150 [==============================] - 0s 2ms/step - loss: 9010.2783 - root_mean_squared_error: 94.9225\n",
      "Epoch 13/128\n",
      "150/150 [==============================] - 0s 2ms/step - loss: 8695.0137 - root_mean_squared_error: 93.2471\n",
      "Epoch 14/128\n",
      "150/150 [==============================] - 0s 2ms/step - loss: 8540.8174 - root_mean_squared_error: 92.4165\n",
      "Epoch 15/128\n",
      "150/150 [==============================] - 0s 2ms/step - loss: 8353.8613 - root_mean_squared_error: 91.3995\n",
      "Epoch 16/128\n",
      "150/150 [==============================] - 0s 2ms/step - loss: 8029.7681 - root_mean_squared_error: 89.6090\n",
      "Epoch 17/128\n",
      "150/150 [==============================] - 0s 2ms/step - loss: 7767.3848 - root_mean_squared_error: 88.1328\n",
      "Epoch 18/128\n",
      "150/150 [==============================] - 0s 2ms/step - loss: 7462.8564 - root_mean_squared_error: 86.3878\n",
      "Epoch 19/128\n",
      "150/150 [==============================] - 0s 2ms/step - loss: 7051.2822 - root_mean_squared_error: 83.9719\n",
      "Epoch 20/128\n",
      "150/150 [==============================] - 0s 2ms/step - loss: 6862.3931 - root_mean_squared_error: 82.8396\n",
      "Epoch 21/128\n",
      "150/150 [==============================] - 0s 2ms/step - loss: 6609.3286 - root_mean_squared_error: 81.2978\n",
      "Epoch 22/128\n",
      "150/150 [==============================] - 0s 3ms/step - loss: 6227.3154 - root_mean_squared_error: 78.9133\n",
      "Epoch 23/128\n",
      "150/150 [==============================] - 0s 2ms/step - loss: 6077.6816 - root_mean_squared_error: 77.9595\n",
      "Epoch 24/128\n",
      "150/150 [==============================] - 1s 4ms/step - loss: 5935.1504 - root_mean_squared_error: 77.0399\n",
      "Epoch 25/128\n",
      "150/150 [==============================] - 1s 3ms/step - loss: 5853.7788 - root_mean_squared_error: 76.5100\n",
      "Epoch 26/128\n",
      "150/150 [==============================] - 0s 3ms/step - loss: 5724.7607 - root_mean_squared_error: 75.6621\n",
      "Epoch 27/128\n",
      "150/150 [==============================] - 0s 3ms/step - loss: 5573.0308 - root_mean_squared_error: 74.6527\n",
      "Epoch 28/128\n",
      "150/150 [==============================] - 0s 2ms/step - loss: 5451.1533 - root_mean_squared_error: 73.8319\n",
      "Epoch 29/128\n",
      "150/150 [==============================] - 0s 2ms/step - loss: 5414.7246 - root_mean_squared_error: 73.5848\n",
      "Epoch 30/128\n",
      "150/150 [==============================] - 0s 2ms/step - loss: 5336.3350 - root_mean_squared_error: 73.0502\n",
      "Epoch 31/128\n",
      "150/150 [==============================] - 0s 2ms/step - loss: 5173.4717 - root_mean_squared_error: 71.9268\n",
      "Epoch 32/128\n",
      "150/150 [==============================] - 0s 2ms/step - loss: 5148.8062 - root_mean_squared_error: 71.7552\n",
      "Epoch 33/128\n",
      "150/150 [==============================] - 0s 2ms/step - loss: 5050.0850 - root_mean_squared_error: 71.0639\n",
      "Epoch 34/128\n",
      "150/150 [==============================] - 0s 2ms/step - loss: 5092.5767 - root_mean_squared_error: 71.3623\n",
      "Epoch 35/128\n",
      "150/150 [==============================] - 0s 2ms/step - loss: 4831.3687 - root_mean_squared_error: 69.5080\n",
      "Epoch 36/128\n",
      "150/150 [==============================] - 0s 2ms/step - loss: 4821.8677 - root_mean_squared_error: 69.4397\n",
      "Epoch 37/128\n",
      "150/150 [==============================] - 0s 2ms/step - loss: 4716.0010 - root_mean_squared_error: 68.6731\n",
      "Epoch 38/128\n",
      "150/150 [==============================] - 0s 2ms/step - loss: 4594.3521 - root_mean_squared_error: 67.7816\n",
      "Epoch 39/128\n",
      "150/150 [==============================] - 0s 2ms/step - loss: 4649.0049 - root_mean_squared_error: 68.1836\n",
      "Epoch 40/128\n",
      "150/150 [==============================] - 0s 2ms/step - loss: 4547.1660 - root_mean_squared_error: 67.4327\n",
      "Epoch 41/128\n",
      "150/150 [==============================] - 0s 2ms/step - loss: 4451.8955 - root_mean_squared_error: 66.7225\n",
      "Epoch 42/128\n",
      "150/150 [==============================] - 0s 2ms/step - loss: 4338.1382 - root_mean_squared_error: 65.8645\n",
      "Epoch 43/128\n",
      "150/150 [==============================] - 0s 2ms/step - loss: 4229.1670 - root_mean_squared_error: 65.0320\n",
      "Epoch 44/128\n",
      "150/150 [==============================] - 0s 2ms/step - loss: 4190.8262 - root_mean_squared_error: 64.7366\n",
      "Epoch 45/128\n",
      "150/150 [==============================] - 0s 2ms/step - loss: 4116.8716 - root_mean_squared_error: 64.1628\n",
      "Epoch 46/128\n",
      "150/150 [==============================] - 0s 2ms/step - loss: 4090.7878 - root_mean_squared_error: 63.9593\n",
      "Epoch 47/128\n",
      "150/150 [==============================] - 0s 2ms/step - loss: 3989.9182 - root_mean_squared_error: 63.1658\n",
      "Epoch 48/128\n",
      "150/150 [==============================] - 0s 2ms/step - loss: 3897.3372 - root_mean_squared_error: 62.4287\n",
      "Epoch 49/128\n",
      "150/150 [==============================] - 0s 1ms/step - loss: 3773.4597 - root_mean_squared_error: 61.4285\n",
      "Epoch 50/128\n",
      "150/150 [==============================] - 0s 1ms/step - loss: 3679.1594 - root_mean_squared_error: 60.6561\n",
      "Epoch 51/128\n",
      "150/150 [==============================] - 0s 1ms/step - loss: 3668.2134 - root_mean_squared_error: 60.5658\n",
      "Epoch 52/128\n",
      "150/150 [==============================] - 0s 1ms/step - loss: 3551.0215 - root_mean_squared_error: 59.5904\n",
      "Epoch 53/128\n",
      "150/150 [==============================] - 0s 2ms/step - loss: 3443.8806 - root_mean_squared_error: 58.6846\n",
      "Epoch 54/128\n",
      "150/150 [==============================] - 0s 2ms/step - loss: 3419.6233 - root_mean_squared_error: 58.4775\n",
      "Epoch 55/128\n",
      "150/150 [==============================] - 0s 2ms/step - loss: 3349.2969 - root_mean_squared_error: 57.8731\n",
      "Epoch 56/128\n",
      "150/150 [==============================] - 0s 2ms/step - loss: 3237.0999 - root_mean_squared_error: 56.8955\n",
      "Epoch 57/128\n",
      "150/150 [==============================] - 0s 2ms/step - loss: 3251.7319 - root_mean_squared_error: 57.0240\n",
      "Epoch 58/128\n",
      "150/150 [==============================] - 0s 2ms/step - loss: 3124.8435 - root_mean_squared_error: 55.9003\n",
      "Epoch 59/128\n",
      "150/150 [==============================] - 0s 2ms/step - loss: 3081.7405 - root_mean_squared_error: 55.5134\n",
      "Epoch 60/128\n",
      "150/150 [==============================] - 0s 2ms/step - loss: 3115.9229 - root_mean_squared_error: 55.8205\n",
      "Epoch 61/128\n",
      "150/150 [==============================] - 0s 2ms/step - loss: 3107.6855 - root_mean_squared_error: 55.7466\n",
      "Epoch 62/128\n",
      "150/150 [==============================] - 0s 2ms/step - loss: 3010.7739 - root_mean_squared_error: 54.8705\n",
      "Epoch 63/128\n",
      "150/150 [==============================] - 0s 2ms/step - loss: 2978.4612 - root_mean_squared_error: 54.5753\n",
      "Epoch 64/128\n",
      "150/150 [==============================] - 0s 2ms/step - loss: 2867.2261 - root_mean_squared_error: 53.5465\n",
      "Epoch 65/128\n",
      "150/150 [==============================] - 0s 1ms/step - loss: 2893.1948 - root_mean_squared_error: 53.7884\n",
      "Epoch 66/128\n",
      "150/150 [==============================] - 0s 1ms/step - loss: 2865.5693 - root_mean_squared_error: 53.5310\n",
      "Epoch 67/128\n",
      "150/150 [==============================] - 0s 2ms/step - loss: 2938.3892 - root_mean_squared_error: 54.2069\n",
      "Epoch 68/128\n",
      "150/150 [==============================] - 0s 2ms/step - loss: 2786.3555 - root_mean_squared_error: 52.7859\n",
      "Epoch 69/128\n",
      "150/150 [==============================] - 0s 1ms/step - loss: 2779.3557 - root_mean_squared_error: 52.7196\n",
      "Epoch 70/128\n",
      "150/150 [==============================] - 0s 1ms/step - loss: 2758.0081 - root_mean_squared_error: 52.5167\n",
      "Epoch 71/128\n",
      "150/150 [==============================] - 0s 2ms/step - loss: 2789.3950 - root_mean_squared_error: 52.8147\n",
      "Epoch 72/128\n",
      "150/150 [==============================] - 0s 1ms/step - loss: 2682.7195 - root_mean_squared_error: 51.7950\n",
      "Epoch 73/128\n",
      "150/150 [==============================] - 0s 1ms/step - loss: 2725.9666 - root_mean_squared_error: 52.2108\n",
      "Epoch 74/128\n",
      "150/150 [==============================] - 0s 1ms/step - loss: 2753.0610 - root_mean_squared_error: 52.4696\n",
      "Epoch 75/128\n",
      "150/150 [==============================] - 0s 2ms/step - loss: 2652.8359 - root_mean_squared_error: 51.5057\n",
      "Epoch 76/128\n",
      "150/150 [==============================] - 0s 2ms/step - loss: 2583.8857 - root_mean_squared_error: 50.8319\n",
      "Epoch 77/128\n",
      "150/150 [==============================] - 0s 2ms/step - loss: 2650.8596 - root_mean_squared_error: 51.4865\n",
      "Epoch 78/128\n",
      "150/150 [==============================] - 0s 1ms/step - loss: 2551.7637 - root_mean_squared_error: 50.5150\n",
      "Epoch 79/128\n",
      "150/150 [==============================] - 0s 2ms/step - loss: 2673.6213 - root_mean_squared_error: 51.7071\n",
      "Epoch 80/128\n",
      "150/150 [==============================] - 0s 1ms/step - loss: 2516.5583 - root_mean_squared_error: 50.1653\n",
      "Epoch 81/128\n",
      "150/150 [==============================] - 0s 2ms/step - loss: 2520.3477 - root_mean_squared_error: 50.2031\n",
      "Epoch 82/128\n",
      "150/150 [==============================] - 0s 2ms/step - loss: 2635.9116 - root_mean_squared_error: 51.3411\n",
      "Epoch 83/128\n",
      "150/150 [==============================] - 0s 2ms/step - loss: 2488.1763 - root_mean_squared_error: 49.8816\n",
      "Epoch 84/128\n",
      "150/150 [==============================] - 0s 2ms/step - loss: 2569.4302 - root_mean_squared_error: 50.6895\n",
      "Epoch 85/128\n",
      "150/150 [==============================] - 0s 1ms/step - loss: 2505.5117 - root_mean_squared_error: 50.0551\n",
      "Epoch 86/128\n",
      "150/150 [==============================] - 0s 2ms/step - loss: 2548.8933 - root_mean_squared_error: 50.4866\n",
      "Epoch 87/128\n",
      "150/150 [==============================] - 0s 2ms/step - loss: 2524.2471 - root_mean_squared_error: 50.2419\n",
      "Epoch 88/128\n",
      "150/150 [==============================] - 0s 2ms/step - loss: 2514.9473 - root_mean_squared_error: 50.1493\n",
      "Epoch 89/128\n",
      "150/150 [==============================] - 0s 2ms/step - loss: 2484.3899 - root_mean_squared_error: 49.8437\n",
      "Epoch 90/128\n",
      "150/150 [==============================] - 0s 1ms/step - loss: 2567.4102 - root_mean_squared_error: 50.6696\n",
      "Epoch 91/128\n",
      "150/150 [==============================] - 0s 1ms/step - loss: 2472.4348 - root_mean_squared_error: 49.7236\n",
      "Epoch 92/128\n",
      "150/150 [==============================] - 0s 1ms/step - loss: 2430.3230 - root_mean_squared_error: 49.2983\n",
      "Epoch 93/128\n",
      "150/150 [==============================] - 0s 1ms/step - loss: 2428.0908 - root_mean_squared_error: 49.2757\n",
      "Epoch 94/128\n",
      "150/150 [==============================] - 0s 2ms/step - loss: 2502.5049 - root_mean_squared_error: 50.0250\n",
      "Epoch 95/128\n",
      "150/150 [==============================] - 0s 2ms/step - loss: 2380.8176 - root_mean_squared_error: 48.7936\n",
      "Epoch 96/128\n",
      "150/150 [==============================] - 0s 2ms/step - loss: 2389.0188 - root_mean_squared_error: 48.8776\n",
      "Epoch 97/128\n",
      "150/150 [==============================] - 0s 2ms/step - loss: 2388.0359 - root_mean_squared_error: 48.8675\n",
      "Epoch 98/128\n",
      "150/150 [==============================] - 0s 2ms/step - loss: 2362.5935 - root_mean_squared_error: 48.6065\n",
      "Epoch 99/128\n",
      "150/150 [==============================] - 0s 2ms/step - loss: 2322.1575 - root_mean_squared_error: 48.1888\n",
      "Epoch 100/128\n",
      "150/150 [==============================] - 0s 2ms/step - loss: 2364.4858 - root_mean_squared_error: 48.6260\n",
      "Epoch 101/128\n",
      "150/150 [==============================] - 0s 2ms/step - loss: 2384.2969 - root_mean_squared_error: 48.8293\n",
      "Epoch 102/128\n",
      "150/150 [==============================] - 0s 2ms/step - loss: 2340.5547 - root_mean_squared_error: 48.3793\n",
      "Epoch 103/128\n",
      "150/150 [==============================] - 0s 2ms/step - loss: 2374.2373 - root_mean_squared_error: 48.7261\n",
      "Epoch 104/128\n",
      "150/150 [==============================] - 0s 3ms/step - loss: 2349.6873 - root_mean_squared_error: 48.4736\n",
      "Epoch 105/128\n",
      "150/150 [==============================] - 0s 3ms/step - loss: 2367.5039 - root_mean_squared_error: 48.6570\n",
      "Epoch 106/128\n",
      "150/150 [==============================] - 0s 2ms/step - loss: 2278.0374 - root_mean_squared_error: 47.7288\n",
      "Epoch 107/128\n",
      "150/150 [==============================] - 0s 2ms/step - loss: 2215.6855 - root_mean_squared_error: 47.0711\n",
      "Epoch 108/128\n",
      "150/150 [==============================] - 0s 2ms/step - loss: 2341.1006 - root_mean_squared_error: 48.3849\n",
      "Epoch 109/128\n",
      "150/150 [==============================] - 0s 2ms/step - loss: 2263.4136 - root_mean_squared_error: 47.5753\n",
      "Epoch 110/128\n",
      "150/150 [==============================] - 0s 2ms/step - loss: 2221.6133 - root_mean_squared_error: 47.1340\n",
      "Epoch 111/128\n",
      "150/150 [==============================] - 0s 3ms/step - loss: 2294.3857 - root_mean_squared_error: 47.8997\n",
      "Epoch 112/128\n",
      "150/150 [==============================] - 0s 2ms/step - loss: 2273.6284 - root_mean_squared_error: 47.6826\n",
      "Epoch 113/128\n",
      "150/150 [==============================] - 0s 2ms/step - loss: 2207.5132 - root_mean_squared_error: 46.9842\n",
      "Epoch 114/128\n",
      "150/150 [==============================] - 0s 2ms/step - loss: 2342.9434 - root_mean_squared_error: 48.4040\n",
      "Epoch 115/128\n",
      "150/150 [==============================] - 0s 2ms/step - loss: 2296.4509 - root_mean_squared_error: 47.9213\n",
      "Epoch 116/128\n",
      "150/150 [==============================] - 0s 2ms/step - loss: 2370.3660 - root_mean_squared_error: 48.6864\n",
      "Epoch 117/128\n",
      "150/150 [==============================] - 0s 2ms/step - loss: 2207.9475 - root_mean_squared_error: 46.9888\n",
      "Epoch 118/128\n",
      "150/150 [==============================] - 0s 2ms/step - loss: 2224.9812 - root_mean_squared_error: 47.1697\n",
      "Epoch 119/128\n",
      "150/150 [==============================] - 0s 2ms/step - loss: 2223.6028 - root_mean_squared_error: 47.1551\n",
      "Epoch 120/128\n",
      "150/150 [==============================] - 0s 2ms/step - loss: 2171.0625 - root_mean_squared_error: 46.5947\n",
      "Epoch 121/128\n",
      "150/150 [==============================] - 0s 2ms/step - loss: 2141.8130 - root_mean_squared_error: 46.2797\n",
      "Epoch 122/128\n",
      "150/150 [==============================] - 0s 2ms/step - loss: 2173.8655 - root_mean_squared_error: 46.6247\n",
      "Epoch 123/128\n",
      "150/150 [==============================] - 0s 2ms/step - loss: 2233.0454 - root_mean_squared_error: 47.2551\n",
      "Epoch 124/128\n",
      "150/150 [==============================] - 0s 2ms/step - loss: 2218.5061 - root_mean_squared_error: 47.1010\n",
      "Epoch 125/128\n",
      "150/150 [==============================] - 0s 2ms/step - loss: 2262.7222 - root_mean_squared_error: 47.5681\n",
      "Epoch 126/128\n",
      "150/150 [==============================] - 0s 2ms/step - loss: 2153.8999 - root_mean_squared_error: 46.4101\n",
      "Epoch 127/128\n",
      "150/150 [==============================] - 0s 2ms/step - loss: 2155.2258 - root_mean_squared_error: 46.4244\n",
      "Epoch 128/128\n",
      "150/150 [==============================] - 0s 2ms/step - loss: 2122.1396 - root_mean_squared_error: 46.0667\n"
     ]
    }
   ],
   "source": [
    "from sklearn.metrics import mean_squared_error\n",
    "metrics = tf.keras.metrics.RootMeanSquaredError()\n",
    "model.compile(optimizer = \"Adam\", loss = 'mean_squared_error', metrics = metrics)\n",
    "\n",
    "epoch_historial = model.fit(X_train,y_train,epochs= 128,batch_size= 64, shuffle=True,workers=6)\n",
    "\n",
    "#se entrena al modelo, el epochs es basicamente cuantas veces se entrenara el modelo"
   ]
  },
  {
   "cell_type": "code",
   "execution_count": 261,
   "metadata": {},
   "outputs": [
    {
     "data": {
      "text/plain": [
       "dict_keys(['loss', 'root_mean_squared_error'])"
      ]
     },
     "execution_count": 261,
     "metadata": {},
     "output_type": "execute_result"
    }
   ],
   "source": [
    "epoch_historial.history.keys()"
   ]
  },
  {
   "cell_type": "code",
   "execution_count": 219,
   "metadata": {},
   "outputs": [
    {
     "data": {
      "text/plain": [
       "<matplotlib.legend.Legend at 0x1de878da6e0>"
      ]
     },
     "execution_count": 219,
