{
 "cells": [
  {
   "cell_type": "code",
   "execution_count": 1,
   "metadata": {},
   "outputs": [],
   "source": [
    "import numpy as np\n",
    "import pandas as pd "
   ]
  },
  {
   "cell_type": "code",
   "execution_count": 2,
   "metadata": {},
   "outputs": [],
   "source": [
    "df_train = pd.DataFrame(pd.read_excel(\"bike_train.xlsx\"))\n",
    "df_test = pd.DataFrame(pd.read_excel(\"bike_test.xlsx\"))"
   ]
  },
  {
   "cell_type": "code",
   "execution_count": 3,
   "metadata": {},
   "outputs": [
    {
     "data": {
      "text/plain": [
       "count    11999.000000\n",
       "mean       158.594966\n",
       "std        151.392952\n",
       "min          1.000000\n",
       "25%         34.000000\n",
       "50%        118.000000\n",
       "75%        232.000000\n",
       "max        957.000000\n",
       "Name: cnt, dtype: float64"
      ]
     },
     "execution_count": 3,
     "metadata": {},
     "output_type": "execute_result"
    }
   ],
   "source": [
    "df_train['cnt'].describe()"
   ]
  },
  {
   "cell_type": "code",
   "execution_count": 3,
   "metadata": {},
   "outputs": [
    {
     "data": {
      "text/html": [
       "<div>\n",
       "<style scoped>\n",
       "    .dataframe tbody tr th:only-of-type {\n",
       "        vertical-align: middle;\n",
       "    }\n",
       "\n",
       "    .dataframe tbody tr th {\n",
       "        vertical-align: top;\n",
       "    }\n",
       "\n",
       "    .dataframe thead th {\n",
       "        text-align: right;\n",
       "    }\n",
       "</style>\n",
       "<table border=\"1\" class=\"dataframe\">\n",
       "  <thead>\n",
       "    <tr style=\"text-align: right;\">\n",
       "      <th></th>\n",
       "      <th>instant</th>\n",
       "      <th>season</th>\n",
       "      <th>yr</th>\n",
       "      <th>mnth</th>\n",
       "      <th>hr</th>\n",
       "      <th>holiday</th>\n",
       "      <th>weekday</th>\n",
       "      <th>workingday</th>\n",
       "      <th>weathersit</th>\n",
       "      <th>temp</th>\n",
       "      <th>atemp</th>\n",
       "      <th>hum</th>\n",
       "      <th>windspeed</th>\n",
       "      <th>casual</th>\n",
       "      <th>registered</th>\n",
       "      <th>cnt</th>\n",
       "    </tr>\n",
       "  </thead>\n",
       "  <tbody>\n",
       "    <tr>\n",
       "      <th>instant</th>\n",
       "      <td>1.000000</td>\n",
       "      <td>0.118039</td>\n",
       "      <td>0.777284</td>\n",
       "      <td>0.167195</td>\n",
       "      <td>-0.007446</td>\n",
       "      <td>0.008323</td>\n",
       "      <td>0.007103</td>\n",
       "      <td>0.005295</td>\n",
       "      <td>-0.015359</td>\n",
       "      <td>0.029297</td>\n",
       "      <td>0.042490</td>\n",
       "      <td>-0.013275</td>\n",
       "      <td>-0.029001</td>\n",
       "      <td>0.115768</td>\n",
       "      <td>0.238546</td>\n",
       "      <td>0.229814</td>\n",
       "    </tr>\n",
       "    <tr>\n",
       "      <th>season</th>\n",
       "      <td>0.118039</td>\n",
       "      <td>1.000000</td>\n",
       "      <td>-0.446665</td>\n",
       "      <td>0.865268</td>\n",
       "      <td>-0.007610</td>\n",
       "      <td>-0.008928</td>\n",
       "      <td>-0.003688</td>\n",
       "      <td>0.012630</td>\n",
       "      <td>-0.009029</td>\n",
       "      <td>0.410790</td>\n",
       "      <td>0.413196</td>\n",
       "      <td>0.198937</td>\n",
       "      <td>-0.142924</td>\n",
       "      <td>0.119043</td>\n",
       "      <td>0.093595</td>\n",
       "      <td>0.111369</td>\n",
       "    </tr>\n",
       "    <tr>\n",
       "      <th>yr</th>\n",
       "      <td>0.777284</td>\n",
       "      <td>-0.446665</td>\n",
       "      <td>1.000000</td>\n",
       "      <td>-0.488103</td>\n",
       "      <td>-0.003948</td>\n",
       "      <td>0.001039</td>\n",
       "      <td>-0.002714</td>\n",
       "      <td>0.001068</td>\n",
       "      <td>-0.006309</td>\n",
       "      <td>-0.198929</td>\n",
       "      <td>-0.190360</td>\n",
       "      <td>-0.141319</td>\n",
       "      <td>0.067356</td>\n",
       "      <td>0.053371</td>\n",
       "      <td>0.171910</td>\n",
       "      <td>0.156960</td>\n",
       "    </tr>\n",
       "    <tr>\n",
       "      <th>mnth</th>\n",
       "      <td>0.167195</td>\n",
       "      <td>0.865268</td>\n",
       "      <td>-0.488103</td>\n",
       "      <td>1.000000</td>\n",
       "      <td>-0.007060</td>\n",
       "      <td>0.009372</td>\n",
       "      <td>0.014500</td>\n",
       "      <td>0.006441</td>\n",
       "      <td>-0.012239</td>\n",
       "      <td>0.353330</td>\n",
       "      <td>0.358541</td>\n",
       "      <td>0.201669</td>\n",
       "      <td>-0.147042</td>\n",
       "      <td>0.078563</td>\n",
       "      <td>0.061686</td>\n",
       "      <td>0.073431</td>\n",
       "    </tr>\n",
       "    <tr>\n",
       "      <th>hr</th>\n",
       "      <td>-0.007446</td>\n",
       "      <td>-0.007610</td>\n",
       "      <td>-0.003948</td>\n",
       "      <td>-0.007060</td>\n",
       "      <td>1.000000</td>\n",
       "      <td>0.000414</td>\n",
       "      <td>-0.004037</td>\n",
       "      <td>0.003454</td>\n",
       "      <td>-0.024003</td>\n",
       "      <td>0.139251</td>\n",
       "      <td>0.134633</td>\n",
       "      <td>-0.257202</td>\n",
       "      <td>0.130441</td>\n",
       "      <td>0.285182</td>\n",
       "      <td>0.381933</td>\n",
       "      <td>0.396698</td>\n",
       "    </tr>\n",
       "    <tr>\n",
       "      <th>holiday</th>\n",
       "      <td>0.008323</td>\n",
       "      <td>-0.008928</td>\n",
       "      <td>0.001039</td>\n",
       "      <td>0.009372</td>\n",
       "      <td>0.000414</td>\n",
       "      <td>1.000000</td>\n",
       "      <td>-0.102503</td>\n",
       "      <td>-0.248601</td>\n",
       "      <td>-0.014707</td>\n",
       "      <td>-0.028519</td>\n",
       "      <td>-0.038005</td>\n",
       "      <td>-0.036672</td>\n",
       "      <td>0.022681</td>\n",
       "      <td>0.022140</td>\n",
       "      <td>-0.044534</td>\n",
       "      <td>-0.030304</td>\n",
       "    </tr>\n",
       "    <tr>\n",
       "      <th>weekday</th>\n",
       "      <td>0.007103</td>\n",
       "      <td>-0.003688</td>\n",
       "      <td>-0.002714</td>\n",
       "      <td>0.014500</td>\n",
       "      <td>-0.004037</td>\n",
       "      <td>-0.102503</td>\n",
       "      <td>1.000000</td>\n",
       "      <td>0.031057</td>\n",
       "      <td>0.017259</td>\n",
       "      <td>-0.010002</td>\n",
       "      <td>-0.009841</td>\n",
       "      <td>-0.025932</td>\n",
       "      <td>0.008447</td>\n",
       "      <td>0.023687</td>\n",
       "      <td>0.019179</td>\n",
       "      <td>0.022618</td>\n",
       "    </tr>\n",
       "    <tr>\n",
       "      <th>workingday</th>\n",
       "      <td>0.005295</td>\n",
       "      <td>0.012630</td>\n",
       "      <td>0.001068</td>\n",
       "      <td>0.006441</td>\n",
       "      <td>0.003454</td>\n",
       "      <td>-0.248601</td>\n",
       "      <td>0.031057</td>\n",
       "      <td>1.000000</td>\n",
       "      <td>0.042202</td>\n",
       "      <td>0.062273</td>\n",
       "      <td>0.066305</td>\n",
       "      <td>0.022805</td>\n",
       "      <td>-0.002493</td>\n",
       "      <td>-0.298241</td>\n",
       "      <td>0.134789</td>\n",
       "      <td>0.025132</td>\n",
       "    </tr>\n",
       "    <tr>\n",
       "      <th>weathersit</th>\n",
       "      <td>-0.015359</td>\n",
       "      <td>-0.009029</td>\n",
       "      <td>-0.006309</td>\n",
       "      <td>-0.012239</td>\n",
       "      <td>-0.024003</td>\n",
       "      <td>-0.014707</td>\n",
       "      <td>0.017259</td>\n",
       "      <td>0.042202</td>\n",
       "      <td>1.000000</td>\n",
       "      <td>-0.080149</td>\n",
       "      <td>-0.081386</td>\n",
       "      <td>0.430378</td>\n",
       "      <td>0.009195</td>\n",
       "      <td>-0.147903</td>\n",
       "      <td>-0.130223</td>\n",
       "      <td>-0.149848</td>\n",
       "    </tr>\n",
       "    <tr>\n",
       "      <th>temp</th>\n",
       "      <td>0.029297</td>\n",
       "      <td>0.410790</td>\n",
       "      <td>-0.198929</td>\n",
       "      <td>0.353330</td>\n",
       "      <td>0.139251</td>\n",
       "      <td>-0.028519</td>\n",
       "      <td>-0.010002</td>\n",
       "      <td>0.062273</td>\n",
       "      <td>-0.080149</td>\n",
       "      <td>1.000000</td>\n",
       "      <td>0.991785</td>\n",
       "      <td>-0.019289</td>\n",
       "      <td>-0.013984</td>\n",
       "      <td>0.450777</td>\n",
       "      <td>0.322875</td>\n",
       "      <td>0.395743</td>\n",
       "    </tr>\n",
       "    <tr>\n",
       "      <th>atemp</th>\n",
       "      <td>0.042490</td>\n",
       "      <td>0.413196</td>\n",
       "      <td>-0.190360</td>\n",
       "      <td>0.358541</td>\n",
       "      <td>0.134633</td>\n",
       "      <td>-0.038005</td>\n",
       "      <td>-0.009841</td>\n",
       "      <td>0.066305</td>\n",
       "      <td>-0.081386</td>\n",
       "      <td>0.991785</td>\n",
       "      <td>1.000000</td>\n",
       "      <td>-0.003669</td>\n",
       "      <td>-0.057619</td>\n",
       "      <td>0.447899</td>\n",
       "      <td>0.323264</td>\n",
       "      <td>0.395234</td>\n",
       "    </tr>\n",
       "    <tr>\n",
       "      <th>hum</th>\n",
       "      <td>-0.013275</td>\n",
       "      <td>0.198937</td>\n",
       "      <td>-0.141319</td>\n",
       "      <td>0.201669</td>\n",
       "      <td>-0.257202</td>\n",
       "      <td>-0.036672</td>\n",
       "      <td>-0.025932</td>\n",
       "      <td>0.022805</td>\n",
       "      <td>0.430378</td>\n",
       "      <td>-0.019289</td>\n",
       "      <td>-0.003669</td>\n",
       "      <td>1.000000</td>\n",
       "      <td>-0.295765</td>\n",
       "      <td>-0.298354</td>\n",
       "      <td>-0.264382</td>\n",
       "      <td>-0.303672</td>\n",
       "    </tr>\n",
       "    <tr>\n",
       "      <th>windspeed</th>\n",
       "      <td>-0.029001</td>\n",
       "      <td>-0.142924</td>\n",
       "      <td>0.067356</td>\n",
       "      <td>-0.147042</td>\n",
       "      <td>0.130441</td>\n",
       "      <td>0.022681</td>\n",
       "      <td>0.008447</td>\n",
       "      <td>-0.002493</td>\n",
       "      <td>0.009195</td>\n",
       "      <td>-0.013984</td>\n",
       "      <td>-0.057619</td>\n",
       "      <td>-0.295765</td>\n",
       "      <td>1.000000</td>\n",
       "      <td>0.067061</td>\n",
       "      <td>0.091642</td>\n",
       "      <td>0.094791</td>\n",
       "    </tr>\n",
       "    <tr>\n",
       "      <th>casual</th>\n",
       "      <td>0.115768</td>\n",
       "      <td>0.119043</td>\n",
       "      <td>0.053371</td>\n",
       "      <td>0.078563</td>\n",
       "      <td>0.285182</td>\n",
       "      <td>0.022140</td>\n",
       "      <td>0.023687</td>\n",
       "      <td>-0.298241</td>\n",
       "      <td>-0.147903</td>\n",
       "      <td>0.450777</td>\n",
       "      <td>0.447899</td>\n",
       "      <td>-0.298354</td>\n",
       "      <td>0.067061</td>\n",
       "      <td>1.000000</td>\n",
       "      <td>0.503185</td>\n",
       "      <td>0.702414</td>\n",
       "    </tr>\n",
       "    <tr>\n",
       "      <th>registered</th>\n",
       "      <td>0.238546</td>\n",
       "      <td>0.093595</td>\n",
       "      <td>0.171910</td>\n",
       "      <td>0.061686</td>\n",
       "      <td>0.381933</td>\n",
       "      <td>-0.044534</td>\n",
       "      <td>0.019179</td>\n",
       "      <td>0.134789</td>\n",
       "      <td>-0.130223</td>\n",
       "      <td>0.322875</td>\n",
       "      <td>0.323264</td>\n",
       "      <td>-0.264382</td>\n",
       "      <td>0.091642</td>\n",
       "      <td>0.503185</td>\n",
       "      <td>1.000000</td>\n",
       "      <td>0.968540</td>\n",
       "    </tr>\n",
       "    <tr>\n",
       "      <th>cnt</th>\n",
       "      <td>0.229814</td>\n",
       "      <td>0.111369</td>\n",
       "      <td>0.156960</td>\n",
       "      <td>0.073431</td>\n",
       "      <td>0.396698</td>\n",
       "      <td>-0.030304</td>\n",
       "      <td>0.022618</td>\n",
       "      <td>0.025132</td>\n",
       "      <td>-0.149848</td>\n",
       "      <td>0.395743</td>\n",
       "      <td>0.395234</td>\n",
       "      <td>-0.303672</td>\n",
       "      <td>0.094791</td>\n",
       "      <td>0.702414</td>\n",
       "      <td>0.968540</td>\n",
       "      <td>1.000000</td>\n",
       "    </tr>\n",
       "  </tbody>\n",
       "</table>\n",
       "</div>"
      ],
      "text/plain": [
       "             instant    season        yr      mnth        hr   holiday  \\\n",
       "instant     1.000000  0.118039  0.777284  0.167195 -0.007446  0.008323   \n",
       "season      0.118039  1.000000 -0.446665  0.865268 -0.007610 -0.008928   \n",
       "yr          0.777284 -0.446665  1.000000 -0.488103 -0.003948  0.001039   \n",
       "mnth        0.167195  0.865268 -0.488103  1.000000 -0.007060  0.009372   \n",
       "hr         -0.007446 -0.007610 -0.003948 -0.007060  1.000000  0.000414   \n",
       "holiday     0.008323 -0.008928  0.001039  0.009372  0.000414  1.000000   \n",
       "weekday     0.007103 -0.003688 -0.002714  0.014500 -0.004037 -0.102503   \n",
       "workingday  0.005295  0.012630  0.001068  0.006441  0.003454 -0.248601   \n",
       "weathersit -0.015359 -0.009029 -0.006309 -0.012239 -0.024003 -0.014707   \n",
       "temp        0.029297  0.410790 -0.198929  0.353330  0.139251 -0.028519   \n",
       "atemp       0.042490  0.413196 -0.190360  0.358541  0.134633 -0.038005   \n",
       "hum        -0.013275  0.198937 -0.141319  0.201669 -0.257202 -0.036672   \n",
       "windspeed  -0.029001 -0.142924  0.067356 -0.147042  0.130441  0.022681   \n",
       "casual      0.115768  0.119043  0.053371  0.078563  0.285182  0.022140   \n",
       "registered  0.238546  0.093595  0.171910  0.061686  0.381933 -0.044534   \n",
       "cnt         0.229814  0.111369  0.156960  0.073431  0.396698 -0.030304   \n",
       "\n",
       "             weekday  workingday  weathersit      temp     atemp       hum  \\\n",
       "instant     0.007103    0.005295   -0.015359  0.029297  0.042490 -0.013275   \n",
       "season     -0.003688    0.012630   -0.009029  0.410790  0.413196  0.198937   \n",
       "yr         -0.002714    0.001068   -0.006309 -0.198929 -0.190360 -0.141319   \n",
       "mnth        0.014500    0.006441   -0.012239  0.353330  0.358541  0.201669   \n",
       "hr         -0.004037    0.003454   -0.024003  0.139251  0.134633 -0.257202   \n",
       "holiday    -0.102503   -0.248601   -0.014707 -0.028519 -0.038005 -0.036672   \n",
       "weekday     1.000000    0.031057    0.017259 -0.010002 -0.009841 -0.025932   \n",
       "workingday  0.031057    1.000000    0.042202  0.062273  0.066305  0.022805   \n",
       "weathersit  0.017259    0.042202    1.000000 -0.080149 -0.081386  0.430378   \n",
       "temp       -0.010002    0.062273   -0.080149  1.000000  0.991785 -0.019289   \n",
       "atemp      -0.009841    0.066305   -0.081386  0.991785  1.000000 -0.003669   \n",
       "hum        -0.025932    0.022805    0.430378 -0.019289 -0.003669  1.000000   \n",
       "windspeed   0.008447   -0.002493    0.009195 -0.013984 -0.057619 -0.295765   \n",
       "casual      0.023687   -0.298241   -0.147903  0.450777  0.447899 -0.298354   \n",
       "registered  0.019179    0.134789   -0.130223  0.322875  0.323264 -0.264382   \n",
       "cnt         0.022618    0.025132   -0.149848  0.395743  0.395234 -0.303672   \n",
       "\n",
       "            windspeed    casual  registered       cnt  \n",
       "instant     -0.029001  0.115768    0.238546  0.229814  \n",
       "season      -0.142924  0.119043    0.093595  0.111369  \n",
       "yr           0.067356  0.053371    0.171910  0.156960  \n",
       "mnth        -0.147042  0.078563    0.061686  0.073431  \n",
       "hr           0.130441  0.285182    0.381933  0.396698  \n",
       "holiday      0.022681  0.022140   -0.044534 -0.030304  \n",
       "weekday      0.008447  0.023687    0.019179  0.022618  \n",
       "workingday  -0.002493 -0.298241    0.134789  0.025132  \n",
       "weathersit   0.009195 -0.147903   -0.130223 -0.149848  \n",
       "temp        -0.013984  0.450777    0.322875  0.395743  \n",
       "atemp       -0.057619  0.447899    0.323264  0.395234  \n",
       "hum         -0.295765 -0.298354   -0.264382 -0.303672  \n",
       "windspeed    1.000000  0.067061    0.091642  0.094791  \n",
       "casual       0.067061  1.000000    0.503185  0.702414  \n",
       "registered   0.091642  0.503185    1.000000  0.968540  \n",
       "cnt          0.094791  0.702414    0.968540  1.000000  "
      ]
     },
     "execution_count": 3,
     "metadata": {},
     "output_type": "execute_result"
    }
   ],
   "source": [
    "df_train.corr()"
   ]
  },
  {
   "cell_type": "markdown",
   "metadata": {},
   "source": [
    "Basicamente lo que hice en las anteriores lineas de codigo fue analizar los datos para ver con cuales trabajare"
   ]
  },
  {
   "cell_type": "code",
   "execution_count": 4,
   "metadata": {},
   "outputs": [],
   "source": [
    "X = df_train[['season','hr','temp','weekday','weathersit','hum','windspeed']]\n",
    "y = df_train['cnt']\n",
    "\n",
    "from sklearn.model_selection import train_test_split\n",
    "\n",
    "X_train, X_test, y_train, y_test = train_test_split(X, y, test_size=0.20, random_state=0)\n",
    "\n",
    "# from sklearn.preprocessing import MinMaxScaler\n",
    "\n",
    "# scaler = MinMaxScaler()\n",
    "# X_scaled_train = scaler.fit_transform(X_train)\n",
    "# X_scaled_test = scaler.fit_transform(X_test)\n",
    "\n",
    "# y_test = y_test.values.reshape(-1, 1)\n",
    "# y_train = y_train.values.reshape(-1, 1)\n",
    "# y_scaled_train = scaler.fit_transform(y_train)\n",
    "# y_scaled_test = scaler.fit_transform(y_test) \n",
    "# y = y.values.reshape(-1, 1)\n",
    "# y_scaled = scaler.fit_transform(y)"
   ]
  },
  {
   "cell_type": "code",
   "execution_count": 116,
   "metadata": {},
   "outputs": [
    {
     "name": "stdout",
     "output_type": "stream",
     "text": [
      "Model: \"sequential_22\"\n",
      "_________________________________________________________________\n",
      " Layer (type)                Output Shape              Param #   \n",
      "=================================================================\n",
      " dense_104 (Dense)           (None, 100)               800       \n",
      "                                                                 \n",
      " dense_105 (Dense)           (None, 100)               10100     \n",
      "                                                                 \n",
      " dense_106 (Dense)           (None, 100)               10100     \n",
      "                                                                 \n",
      " dense_107 (Dense)           (None, 100)               10100     \n",
      "                                                                 \n",
      " dense_108 (Dense)           (None, 1)                 101       \n",
      "                                                                 \n",
      "=================================================================\n",
      "Total params: 31,201\n",
      "Trainable params: 31,201\n",
      "Non-trainable params: 0\n",
      "_________________________________________________________________\n"
     ]
    }
   ],
   "source": [
    "import tensorflow as tf\n",
    "\n",
    "model = tf.keras.Sequential()\n",
    "model.add(tf.keras.layers.Dense(units=100 ,activation='relu',input_shape=(7, )))\n",
    "model.add(tf.keras.layers.Dense(units=100 ,activation='relu'))\n",
    "model.add(tf.keras.layers.Dense(units=100 ,activation='relu'))\n",
    "model.add(tf.keras.layers.Dense(units=100 ,activation='relu'))\n",
    "model.add(tf.keras.layers.Dense(units=1 ,activation='linear'))\n",
    "\n",
    "model.summary()"
   ]
  },
  {
   "cell_type": "code",
   "execution_count": 117,
   "metadata": {},
   "outputs": [
    {
     "name": "stdout",
     "output_type": "stream",
     "text": [
      "Epoch 1/200\n",
      "120/120 [==============================] - 1s 2ms/step - loss: 24167.7656 - root_mean_squared_error: 155.4599\n",
      "Epoch 2/200\n",
      "120/120 [==============================] - 0s 3ms/step - loss: 18036.4922 - root_mean_squared_error: 134.3000\n",
      "Epoch 3/200\n",
      "120/120 [==============================] - 0s 3ms/step - loss: 16014.4814 - root_mean_squared_error: 126.5483\n",
      "Epoch 4/200\n",
      "120/120 [==============================] - 0s 3ms/step - loss: 14441.0195 - root_mean_squared_error: 120.1708\n",
      "Epoch 5/200\n",
      "120/120 [==============================] - 0s 3ms/step - loss: 12982.0928 - root_mean_squared_error: 113.9390\n",
      "Epoch 6/200\n",
      "120/120 [==============================] - 0s 3ms/step - loss: 12253.8076 - root_mean_squared_error: 110.6969\n",
      "Epoch 7/200\n",
      "120/120 [==============================] - 0s 2ms/step - loss: 11924.5752 - root_mean_squared_error: 109.1997\n",
      "Epoch 8/200\n",
      "120/120 [==============================] - 0s 2ms/step - loss: 11527.7061 - root_mean_squared_error: 107.3672\n",
      "Epoch 9/200\n",
      "120/120 [==============================] - 0s 3ms/step - loss: 11453.5586 - root_mean_squared_error: 107.0213\n",
      "Epoch 10/200\n",
      "120/120 [==============================] - 0s 3ms/step - loss: 11054.1357 - root_mean_squared_error: 105.1387\n",
      "Epoch 11/200\n",
      "120/120 [==============================] - 0s 2ms/step - loss: 10946.1289 - root_mean_squared_error: 104.6237\n",
      "Epoch 12/200\n",
      "120/120 [==============================] - 0s 2ms/step - loss: 10635.2715 - root_mean_squared_error: 103.1274\n",
      "Epoch 13/200\n",
      "120/120 [==============================] - 0s 2ms/step - loss: 10561.2090 - root_mean_squared_error: 102.7677\n",
      "Epoch 14/200\n",
      "120/120 [==============================] - 0s 2ms/step - loss: 10368.8018 - root_mean_squared_error: 101.8273\n",
      "Epoch 15/200\n",
      "120/120 [==============================] - 0s 2ms/step - loss: 10085.6748 - root_mean_squared_error: 100.4275\n",
      "Epoch 16/200\n",
      "120/120 [==============================] - 0s 2ms/step - loss: 9820.0986 - root_mean_squared_error: 99.0964\n",
      "Epoch 17/200\n",
      "120/120 [==============================] - 0s 2ms/step - loss: 9618.1572 - root_mean_squared_error: 98.0722\n",
      "Epoch 18/200\n",
      "120/120 [==============================] - 0s 2ms/step - loss: 9470.9629 - root_mean_squared_error: 97.3189\n",
      "Epoch 19/200\n",
      "120/120 [==============================] - 0s 2ms/step - loss: 9003.9629 - root_mean_squared_error: 94.8892\n",
      "Epoch 20/200\n",
      "120/120 [==============================] - 0s 2ms/step - loss: 8692.3408 - root_mean_squared_error: 93.2327\n",
      "Epoch 21/200\n",
      "120/120 [==============================] - 0s 2ms/step - loss: 8468.6445 - root_mean_squared_error: 92.0252\n",
      "Epoch 22/200\n",
      "120/120 [==============================] - 0s 2ms/step - loss: 8175.2671 - root_mean_squared_error: 90.4172\n",
      "Epoch 23/200\n",
      "120/120 [==============================] - 0s 2ms/step - loss: 7844.3506 - root_mean_squared_error: 88.5683\n",
      "Epoch 24/200\n",
      "120/120 [==============================] - 0s 3ms/step - loss: 7614.6147 - root_mean_squared_error: 87.2618\n",
      "Epoch 25/200\n",
      "120/120 [==============================] - 0s 2ms/step - loss: 7427.9097 - root_mean_squared_error: 86.1853\n",
      "Epoch 26/200\n",
      "120/120 [==============================] - 0s 2ms/step - loss: 7110.3237 - root_mean_squared_error: 84.3227\n",
      "Epoch 27/200\n",
      "120/120 [==============================] - 0s 2ms/step - loss: 7054.3911 - root_mean_squared_error: 83.9904\n",
      "Epoch 28/200\n",
      "120/120 [==============================] - 0s 3ms/step - loss: 6668.5698 - root_mean_squared_error: 81.6613\n",
      "Epoch 29/200\n",
      "120/120 [==============================] - 0s 2ms/step - loss: 6474.1440 - root_mean_squared_error: 80.4621\n",
      "Epoch 30/200\n",
      "120/120 [==============================] - 0s 2ms/step - loss: 6411.2388 - root_mean_squared_error: 80.0702\n",
      "Epoch 31/200\n",
      "120/120 [==============================] - 0s 2ms/step - loss: 6238.2563 - root_mean_squared_error: 78.9826\n",
      "Epoch 32/200\n",
      "120/120 [==============================] - 0s 2ms/step - loss: 5916.6885 - root_mean_squared_error: 76.9200\n",
      "Epoch 33/200\n",
      "120/120 [==============================] - 0s 3ms/step - loss: 5616.4692 - root_mean_squared_error: 74.9431\n",
      "Epoch 34/200\n",
      "120/120 [==============================] - 0s 2ms/step - loss: 5468.6567 - root_mean_squared_error: 73.9504\n",
      "Epoch 35/200\n",
      "120/120 [==============================] - 0s 2ms/step - loss: 5475.4067 - root_mean_squared_error: 73.9960\n",
      "Epoch 36/200\n",
      "120/120 [==============================] - 0s 2ms/step - loss: 5239.9502 - root_mean_squared_error: 72.3875\n",
      "Epoch 37/200\n",
      "120/120 [==============================] - 0s 2ms/step - loss: 5233.8843 - root_mean_squared_error: 72.3456\n",
      "Epoch 38/200\n",
      "120/120 [==============================] - 0s 2ms/step - loss: 5340.0850 - root_mean_squared_error: 73.0759\n",
      "Epoch 39/200\n",
      "120/120 [==============================] - 0s 2ms/step - loss: 4897.7070 - root_mean_squared_error: 69.9836\n",
      "Epoch 40/200\n",
      "120/120 [==============================] - 0s 2ms/step - loss: 4733.7939 - root_mean_squared_error: 68.8026\n",
      "Epoch 41/200\n",
      "120/120 [==============================] - 0s 2ms/step - loss: 4858.8120 - root_mean_squared_error: 69.7052\n",
      "Epoch 42/200\n",
      "120/120 [==============================] - 0s 2ms/step - loss: 4678.6699 - root_mean_squared_error: 68.4008\n",
      "Epoch 43/200\n",
      "120/120 [==============================] - 0s 2ms/step - loss: 4566.2866 - root_mean_squared_error: 67.5743\n",
      "Epoch 44/200\n",
      "120/120 [==============================] - 0s 2ms/step - loss: 4523.6875 - root_mean_squared_error: 67.2584\n",
      "Epoch 45/200\n",
      "120/120 [==============================] - 0s 2ms/step - loss: 4477.7773 - root_mean_squared_error: 66.9162\n",
      "Epoch 46/200\n",
      "120/120 [==============================] - 0s 2ms/step - loss: 4504.5737 - root_mean_squared_error: 67.1161\n",
      "Epoch 47/200\n",
      "120/120 [==============================] - 0s 2ms/step - loss: 4314.7246 - root_mean_squared_error: 65.6866\n",
      "Epoch 48/200\n",
      "120/120 [==============================] - 0s 2ms/step - loss: 4257.8955 - root_mean_squared_error: 65.2525\n",
      "Epoch 49/200\n",
      "120/120 [==============================] - 0s 2ms/step - loss: 4254.2085 - root_mean_squared_error: 65.2243\n",
      "Epoch 50/200\n",
      "120/120 [==============================] - 0s 2ms/step - loss: 4152.9746 - root_mean_squared_error: 64.4436\n",
      "Epoch 51/200\n",
      "120/120 [==============================] - 0s 2ms/step - loss: 4160.3442 - root_mean_squared_error: 64.5007\n",
      "Epoch 52/200\n",
      "120/120 [==============================] - 0s 2ms/step - loss: 4244.0688 - root_mean_squared_error: 65.1465\n",
      "Epoch 53/200\n",
      "120/120 [==============================] - 0s 2ms/step - loss: 4224.2256 - root_mean_squared_error: 64.9940\n",
      "Epoch 54/200\n",
      "120/120 [==============================] - 0s 2ms/step - loss: 4217.2661 - root_mean_squared_error: 64.9405\n",
      "Epoch 55/200\n",
      "120/120 [==============================] - 0s 2ms/step - loss: 3990.6272 - root_mean_squared_error: 63.1714\n",
      "Epoch 56/200\n",
      "120/120 [==============================] - 0s 2ms/step - loss: 3938.1489 - root_mean_squared_error: 62.7547\n",
      "Epoch 57/200\n",
      "120/120 [==============================] - 0s 2ms/step - loss: 3993.6794 - root_mean_squared_error: 63.1956\n",
      "Epoch 58/200\n",
      "120/120 [==============================] - 0s 2ms/step - loss: 3996.9070 - root_mean_squared_error: 63.2211\n",
      "Epoch 59/200\n",
      "120/120 [==============================] - 0s 2ms/step - loss: 4009.4187 - root_mean_squared_error: 63.3200\n",
      "Epoch 60/200\n",
      "120/120 [==============================] - 0s 2ms/step - loss: 3905.1611 - root_mean_squared_error: 62.4913\n",
      "Epoch 61/200\n",
      "120/120 [==============================] - 0s 2ms/step - loss: 4025.3740 - root_mean_squared_error: 63.4458\n",
      "Epoch 62/200\n",
      "120/120 [==============================] - 0s 2ms/step - loss: 3852.7095 - root_mean_squared_error: 62.0702\n",
      "Epoch 63/200\n",
      "120/120 [==============================] - 0s 2ms/step - loss: 4059.9419 - root_mean_squared_error: 63.7177\n",
      "Epoch 64/200\n",
      "120/120 [==============================] - 0s 2ms/step - loss: 3824.6704 - root_mean_squared_error: 61.8439\n",
      "Epoch 65/200\n",
      "120/120 [==============================] - 0s 2ms/step - loss: 3762.3574 - root_mean_squared_error: 61.3381\n",
      "Epoch 66/200\n",
      "120/120 [==============================] - 0s 2ms/step - loss: 3804.8718 - root_mean_squared_error: 61.6836\n",
      "Epoch 67/200\n",
      "120/120 [==============================] - 0s 2ms/step - loss: 3895.6067 - root_mean_squared_error: 62.4148\n",
      "Epoch 68/200\n",
      "120/120 [==============================] - 0s 2ms/step - loss: 3690.4363 - root_mean_squared_error: 60.7490\n",
      "Epoch 69/200\n",
      "120/120 [==============================] - 0s 2ms/step - loss: 3744.6899 - root_mean_squared_error: 61.1939\n",
      "Epoch 70/200\n",
      "120/120 [==============================] - 0s 2ms/step - loss: 3689.6191 - root_mean_squared_error: 60.7422\n",
      "Epoch 71/200\n",
      "120/120 [==============================] - 0s 2ms/step - loss: 3638.9941 - root_mean_squared_error: 60.3241\n",
      "Epoch 72/200\n",
      "120/120 [==============================] - 0s 2ms/step - loss: 3902.0791 - root_mean_squared_error: 62.4666\n",
      "Epoch 73/200\n",
      "120/120 [==============================] - 0s 2ms/step - loss: 3666.9719 - root_mean_squared_error: 60.5555\n",
      "Epoch 74/200\n",
      "120/120 [==============================] - 0s 2ms/step - loss: 3594.9810 - root_mean_squared_error: 59.9582\n",
      "Epoch 75/200\n",
      "120/120 [==============================] - 0s 2ms/step - loss: 3604.0833 - root_mean_squared_error: 60.0340\n",
      "Epoch 76/200\n",
      "120/120 [==============================] - 0s 2ms/step - loss: 3907.9287 - root_mean_squared_error: 62.5134\n",
      "Epoch 77/200\n",
      "120/120 [==============================] - 0s 2ms/step - loss: 3705.6841 - root_mean_squared_error: 60.8743\n",
      "Epoch 78/200\n",
      "120/120 [==============================] - 0s 2ms/step - loss: 3569.2988 - root_mean_squared_error: 59.7436\n",
      "Epoch 79/200\n",
      "120/120 [==============================] - 0s 2ms/step - loss: 3551.4744 - root_mean_squared_error: 59.5942\n",
      "Epoch 80/200\n",
      "120/120 [==============================] - 0s 2ms/step - loss: 3461.1045 - root_mean_squared_error: 58.8312\n",
      "Epoch 81/200\n",
      "120/120 [==============================] - 0s 2ms/step - loss: 3566.8706 - root_mean_squared_error: 59.7233\n",
      "Epoch 82/200\n",
      "120/120 [==============================] - 0s 2ms/step - loss: 3670.5212 - root_mean_squared_error: 60.5848\n",
      "Epoch 83/200\n",
      "120/120 [==============================] - 0s 2ms/step - loss: 3510.7939 - root_mean_squared_error: 59.2520\n",
      "Epoch 84/200\n",
      "120/120 [==============================] - 0s 2ms/step - loss: 3469.1721 - root_mean_squared_error: 58.8997\n",
      "Epoch 85/200\n",
      "120/120 [==============================] - 0s 2ms/step - loss: 3486.3616 - root_mean_squared_error: 59.0454\n",
      "Epoch 86/200\n",
      "120/120 [==============================] - 0s 2ms/step - loss: 3595.8489 - root_mean_squared_error: 59.9654\n",
      "Epoch 87/200\n",
      "120/120 [==============================] - 0s 2ms/step - loss: 3527.7319 - root_mean_squared_error: 59.3947\n",
      "Epoch 88/200\n",
      "120/120 [==============================] - 0s 2ms/step - loss: 3520.9370 - root_mean_squared_error: 59.3375\n",
      "Epoch 89/200\n",
      "120/120 [==============================] - 0s 2ms/step - loss: 3752.0984 - root_mean_squared_error: 61.2544\n",
      "Epoch 90/200\n",
      "120/120 [==============================] - 0s 2ms/step - loss: 3352.0002 - root_mean_squared_error: 57.8965\n",
      "Epoch 91/200\n",
      "120/120 [==============================] - 0s 2ms/step - loss: 3371.5439 - root_mean_squared_error: 58.0650\n",
      "Epoch 92/200\n",
      "120/120 [==============================] - 0s 2ms/step - loss: 3396.7144 - root_mean_squared_error: 58.2813\n",
      "Epoch 93/200\n",
      "120/120 [==============================] - 0s 2ms/step - loss: 3402.3328 - root_mean_squared_error: 58.3295\n",
      "Epoch 94/200\n",
      "120/120 [==============================] - 0s 2ms/step - loss: 3294.5349 - root_mean_squared_error: 57.3980\n",
      "Epoch 95/200\n",
      "120/120 [==============================] - 0s 2ms/step - loss: 3313.0244 - root_mean_squared_error: 57.5589\n",
      "Epoch 96/200\n",
      "120/120 [==============================] - 0s 2ms/step - loss: 3451.7319 - root_mean_squared_error: 58.7514\n",
      "Epoch 97/200\n",
      "120/120 [==============================] - 0s 2ms/step - loss: 3367.9519 - root_mean_squared_error: 58.0341\n",
      "Epoch 98/200\n",
      "120/120 [==============================] - 0s 2ms/step - loss: 3361.4739 - root_mean_squared_error: 57.9782\n",
      "Epoch 99/200\n",
      "120/120 [==============================] - 0s 2ms/step - loss: 3343.8511 - root_mean_squared_error: 57.8260\n",
      "Epoch 100/200\n",
      "120/120 [==============================] - 0s 2ms/step - loss: 3260.1707 - root_mean_squared_error: 57.0979\n",
      "Epoch 101/200\n",
      "120/120 [==============================] - 0s 2ms/step - loss: 3384.2397 - root_mean_squared_error: 58.1742\n",
      "Epoch 102/200\n",
      "120/120 [==============================] - 0s 2ms/step - loss: 3433.2642 - root_mean_squared_error: 58.5941\n",
      "Epoch 103/200\n",
      "120/120 [==============================] - 0s 2ms/step - loss: 3348.0464 - root_mean_squared_error: 57.8623\n",
      "Epoch 104/200\n",
      "120/120 [==============================] - 0s 2ms/step - loss: 3302.9521 - root_mean_squared_error: 57.4713\n",
      "Epoch 105/200\n",
      "120/120 [==============================] - 0s 2ms/step - loss: 3236.5054 - root_mean_squared_error: 56.8903\n",
      "Epoch 106/200\n",
      "120/120 [==============================] - 0s 2ms/step - loss: 3443.7930 - root_mean_squared_error: 58.6838\n",
      "Epoch 107/200\n",
      "120/120 [==============================] - 0s 2ms/step - loss: 3477.5234 - root_mean_squared_error: 58.9705\n",
      "Epoch 108/200\n",
      "120/120 [==============================] - 0s 2ms/step - loss: 3281.4631 - root_mean_squared_error: 57.2841\n",
      "Epoch 109/200\n",
      "120/120 [==============================] - 0s 2ms/step - loss: 3372.9736 - root_mean_squared_error: 58.0773\n",
      "Epoch 110/200\n",
      "120/120 [==============================] - 0s 2ms/step - loss: 3232.5676 - root_mean_squared_error: 56.8557\n",
      "Epoch 111/200\n",
      "120/120 [==============================] - 0s 2ms/step - loss: 3269.8691 - root_mean_squared_error: 57.1828\n",
      "Epoch 112/200\n",
      "120/120 [==============================] - 0s 2ms/step - loss: 3206.0281 - root_mean_squared_error: 56.6218\n",
      "Epoch 113/200\n",
      "120/120 [==============================] - 0s 2ms/step - loss: 3217.5725 - root_mean_squared_error: 56.7237\n",
      "Epoch 114/200\n",
      "120/120 [==============================] - 0s 2ms/step - loss: 3096.6118 - root_mean_squared_error: 55.6472\n",
      "Epoch 115/200\n",
      "120/120 [==============================] - 0s 2ms/step - loss: 3235.3384 - root_mean_squared_error: 56.8800\n",
      "Epoch 116/200\n",
      "120/120 [==============================] - 0s 2ms/step - loss: 3230.6323 - root_mean_squared_error: 56.8387\n",
      "Epoch 117/200\n",
      "120/120 [==============================] - 0s 2ms/step - loss: 3322.5552 - root_mean_squared_error: 57.6416\n",
      "Epoch 118/200\n",
      "120/120 [==============================] - 0s 2ms/step - loss: 3109.8818 - root_mean_squared_error: 55.7663\n",
      "Epoch 119/200\n",
      "120/120 [==============================] - 0s 2ms/step - loss: 3219.9419 - root_mean_squared_error: 56.7445\n",
      "Epoch 120/200\n",
      "120/120 [==============================] - 0s 2ms/step - loss: 3257.8938 - root_mean_squared_error: 57.0780\n",
      "Epoch 121/200\n",
      "120/120 [==============================] - 0s 2ms/step - loss: 3270.2556 - root_mean_squared_error: 57.1861\n",
      "Epoch 122/200\n",
      "120/120 [==============================] - 0s 2ms/step - loss: 3252.8567 - root_mean_squared_error: 57.0338\n",
      "Epoch 123/200\n",
      "120/120 [==============================] - 0s 2ms/step - loss: 3221.0210 - root_mean_squared_error: 56.7540\n",
      "Epoch 124/200\n",
      "120/120 [==============================] - 0s 2ms/step - loss: 3111.0757 - root_mean_squared_error: 55.7770\n",
      "Epoch 125/200\n",
      "120/120 [==============================] - 0s 2ms/step - loss: 3210.8293 - root_mean_squared_error: 56.6642\n",
      "Epoch 126/200\n",
      "120/120 [==============================] - 0s 2ms/step - loss: 3227.9497 - root_mean_squared_error: 56.8150\n",
      "Epoch 127/200\n",
      "120/120 [==============================] - 0s 2ms/step - loss: 3233.6355 - root_mean_squared_error: 56.8651\n",
      "Epoch 128/200\n",
      "120/120 [==============================] - 0s 2ms/step - loss: 3062.1565 - root_mean_squared_error: 55.3368\n",
      "Epoch 129/200\n",
      "120/120 [==============================] - 0s 2ms/step - loss: 3094.0339 - root_mean_squared_error: 55.6240\n",
      "Epoch 130/200\n",
      "120/120 [==============================] - 0s 2ms/step - loss: 3143.8457 - root_mean_squared_error: 56.0700\n",
      "Epoch 131/200\n",
      "120/120 [==============================] - 0s 2ms/step - loss: 3036.2615 - root_mean_squared_error: 55.1023\n",
      "Epoch 132/200\n",
      "120/120 [==============================] - 0s 2ms/step - loss: 3070.6753 - root_mean_squared_error: 55.4137\n",
      "Epoch 133/200\n",
      "120/120 [==============================] - 0s 2ms/step - loss: 3005.6047 - root_mean_squared_error: 54.8234\n",
      "Epoch 134/200\n",
      "120/120 [==============================] - 0s 2ms/step - loss: 3060.7854 - root_mean_squared_error: 55.3244\n",
      "Epoch 135/200\n",
      "120/120 [==============================] - 0s 2ms/step - loss: 3044.3877 - root_mean_squared_error: 55.1760\n",
      "Epoch 136/200\n",
